0.000000e+00 0.000000e+00
0.000000e+00 0.000000e+00
0.000000e+00 0.000000e+00
0.000000e+00 0.000000e+00
0.000000e+00 0.000000e+00
0.000000e+00 0.000000e+00
0.000000e+00 0.000000e+00
0.000000e+00 0.000000e+00
0.000000e+00 0.000000e+00
0.000000e+00 0.000000e+00
0.000000e+00 0.000000e+00
0.000000e+00 0.000000e+00
0.000000e+00 0.000000e+00
0.000000e+00 0.000000e+00
0.000000e+00 0.000000e+00
0.000000e+00 0.000000e+00
0.000000e+00 0.000000e+00
0.000000e+00 0.000000e+00
0.000000e+00 0.000000e+00
-7.698909e-01 1.857095e-02
-7.698909e-01 1.047164e-02
-7.698909e-01 -2.867165e-03
-7.698909e-01 1.051619e-02
-7.698909e-01 7.289450e-02
-7.698909e-01 1.047080e-01
-7.698909e-01 1.725904e-01
-7.698909e-01 2.121659e-01
-7.698909e-01 2.603364e-01
-7.698909e-01 3.196599e-01
-7.698909e-01 3.518071e-01
-7.698909e-01 3.895059e-01
-7.698909e-01 4.347962e-01
-7.698909e-01 4.419039e-01
-7.698909e-01 4.933108e-01
-7.698909e-01 5.171988e-01
-7.698909e-01 5.348874e-01
-7.698909e-01 5.306322e-01
-7.698909e-01 5.719613e-01
-7.698909e-01 5.657614e-01
-7.698909e-01 5.825606e-01
-7.698909e-01 5.688931e-01
-7.698909e-01 5.942247e-01
-7.698909e-01 6.117428e-01
-7.698909e-01 6.200297e-01
-7.698909e-01 6.082818e-01
-7.698909e-01 6.085258e-01
-7.698909e-01 5.948950e-01
-7.698909e-01 6.228185e-01
-7.698909e-01 5.970200e-01
-7.698909e-01 6.279801e-01
-7.698909e-01 6.434291e-01
-7.698909e-01 6.349102e-01
-7.698909e-01 6.511054e-01
-7.698909e-01 6.448847e-01
-7.698909e-01 6.237854e-01
-7.698909e-01 6.320279e-01
-7.698909e-01 6.475919e-01
-7.698909e-01 6.303927e-01
-7.698909e-01 6.346172e-01
-7.698909e-01 6.397233e-01
-7.698909e-01 6.299894e-01
-7.698909e-01 6.380626e-01
-7.698909e-01 6.273446e-01
-7.698909e-01 6.292722e-01
-7.698909e-01 6.425637e-01
-7.698909e-01 6.485430e-01
-7.698909e-01 6.515299e-01
-7.698909e-01 6.419501e-01
-7.698909e-01 6.334155e-01
2.181331e-01 6.570446e-01
2.181331e-01 6.409809e-01
2.181331e-01 6.566178e-01
2.181331e-01 6.464616e-01
2.181331e-01 6.183557e-01
2.181331e-01 5.707132e-01
2.181331e-01 5.350275e-01
2.181331e-01 4.800945e-01
2.181331e-01 4.307891e-01
2.181331e-01 3.639657e-01
2.181331e-01 2.872651e-01
2.181331e-01 2.366030e-01
2.181331e-01 1.623866e-01
2.181331e-01 1.143794e-01
2.181331e-01 2.708929e-02
2.181331e-01 -4.049041e-02
2.181331e-01 -8.673145e-02
2.181331e-01 -1.214865e-01
2.181331e-01 -1.833434e-01
2.181331e-01 -2.397901e-01
2.181331e-01 -3.047654e-01
2.181331e-01 -3.394313e-01
2.181331e-01 -3.460542e-01
2.181331e-01 -3.685036e-01
2.181331e-01 -4.311566e-01
2.181331e-01 -4.446252e-01
2.181331e-01 -4.646348e-01
2.181331e-01 -4.968897e-01
2.181331e-01 -5.082632e-01
2.181331e-01 -5.109127e-01
2.181331e-01 -5.367011e-01
2.181331e-01 -5.561321e-01
2.181331e-01 -5.752855e-01
2.181331e-01 -5.733355e-01
2.181331e-01 -5.821207e-01
2.181331e-01 -5.996891e-01
2.181331e-01 -6.132414e-01
2.181331e-01 -6.008317e-01
2.181331e-01 -6.140108e-01
2.181331e-01 -6.146237e-01
2.181331e-01 -6.232639e-01
2.181331e-01 -6.029503e-01
2.181331e-01 -6.285087e-01
2.181331e-01 -6.046141e-01
2.181331e-01 -6.448565e-01
2.181331e-01 -6.192025e-01
2.181331e-01 -6.085962e-01
2.181331e-01 -6.301719e-01
2.181331e-01 -6.379480e-01
2.181331e-01 -6.132997e-01
2.181331e-01 -6.416246e-01
2.181331e-01 -6.400327e-01
2.181331e-01 -6.173017e-01
2.181331e-01 -6.532186e-01
2.181331e-01 -6.369526e-01
2.181331e-01 -6.267296e-01
2.181331e-01 -6.417463e-01
2.181331e-01 -6.265132e-01
2.181331e-01 -6.234079e-01
2.181331e-01 -6.374568e-01
2.181331e-01 -6.389480e-01
2.181331e-01 -6.199283e-01
2.181331e-01 -6.529571e-01
2.181331e-01 -6.390028e-01
2.181331e-01 -6.345863e-01
2.181331e-01 -6.357132e-01
2.181331e-01 -6.332058e-01
2.181331e-01 -6.293681e-01
2.181331e-01 -6.291330e-01
2.181331e-01 -6.492949e-01
2.181331e-01 -6.361815e-01
2.181331e-01 -6.556204e-01
2.181331e-01 -6.312491e-01
2.181331e-01 -6.401577e-01
2.181331e-01 -6.384693e-01
2.181331e-01 -6.302855e-01
2.181331e-01 -6.515389e-01
2.181331e-01 -6.352144e-01
2.181331e-01 -6.544329e-01
2.181331e-01 -6.350572e-01
-7.332181e-01 -6.449140e-01
-7.332181e-01 -6.375696e-01
-7.332181e-01 -6.173495e-01
-7.332181e-01 -5.884660e-01
-7.332181e-01 -5.142037e-01
-7.332181e-01 -3.998479e-01
-7.332181e-01 -2.567903e-01
-7.332181e-01 -1.289033e-01
-7.332181e-01 -2.120808e-02
-7.332181e-01 6.639430e-02
-7.332181e-01 1.482925e-01
-7.332181e-01 2.197257e-01
-7.332181e-01 2.849681e-01
-7.332181e-01 3.302303e-01
-7.332181e-01 3.912771e-01
-7.332181e-01 4.207968e-01
-7.332181e-01 4.601784e-01
-7.332181e-01 4.819107e-01
-7.332181e-01 4.919597e-01
-7.332181e-01 5.147474e-01
-7.332181e-01 5.150059e-01
-7.332181e-01 5.421319e-01
-7.332181e-01 5.567058e-01
-7.332181e-01 5.713813e-01
-7.332181e-01 5.869304e-01
-7.332181e-01 5.771399e-01
-7.332181e-01 5.888603e-01
-7.332181e-01 5.961310e-01
-7.332181e-01 6.089961e-01
-7.332181e-01 6.127106e-01
-7.332181e-01 6.206390e-01
-7.332181e-01 6.033391e-01
-7.332181e-01 6.152241e-01
-7.332181e-01 6.211870e-01
-7.332181e-01 6.339660e-01
-7.332181e-01 6.271175e-01
-7.332181e-01 6.282467e-01
-7.332181e-01 6.297223e-01
-7.332181e-01 6.307311e-01
-7.332181e-01 6.504719e-01
-7.332181e-01 6.299469e-01
-7.332181e-01 6.518949e-01
-7.332181e-01 6.437635e-01
-7.332181e-01 6.374456e-01
-7.332181e-01 6.209158e-01
-7.332181e-01 6.474059e-01
-7.332181e-01 6.179936e-01
-7.332181e-01 6.233169e-01
-7.332181e-01 6.385933e-01
-7.332181e-01 6.248590e-01
-7.332181e-01 6.310334e-01
-7.332181e-01 6.305132e-01
-7.332181e-01 6.437969e-01
-7.332181e-01 6.387374e-01
-7.332181e-01 6.174753e-01
-7.332181e-01 6.389816e-01
-7.332181e-01 6.445373e-01
-7.332181e-01 6.449183e-01
-7.332181e-01 6.350032e-01
-7.332181e-01 6.335332e-01
-7.332181e-01 6.334925e-01
-7.332181e-01 6.471776e-01
-7.332181e-01 6.489917e-01
-7.332181e-01 6.464554e-01
-7.332181e-01 6.520127e-01
-7.332181e-01 6.352801e-01
-7.332181e-01 6.352797e-01
-7.332181e-01 6.411631e-01
-7.332181e-01 6.319079e-01
-7.332181e-01 6.231388e-01
-7.332181e-01 6.241464e-01
-7.332181e-01 6.394932e-01
-7.332181e-01 6.391604e-01
-7.332181e-01 6.501198e-01
-7.332181e-01 6.383009e-01
-7.332181e-01 6.396761e-01
-7.332181e-01 6.337925e-01
-7.332181e-01 6.357512e-01
-7.332181e-01 6.180077e-01
-7.332181e-01 6.352683e-01
-5.188208e-01 6.287147e-01
-5.188208e-01 6.250651e-01
-5.188208e-01 6.449099e-01
-5.188208e-01 6.214222e-01
-5.188208e-01 6.432901e-01
-5.188208e-01 6.165306e-01
-5.188208e-01 6.474871e-01
-5.188208e-01 6.382269e-01
-5.188208e-01 6.145986e-01
-5.188208e-01 6.270544e-01
-5.188208e-01 6.267072e-01
-5.188208e-01 6.240206e-01
-5.188208e-01 6.164956e-01
-5.188208e-01 6.194632e-01
-5.188208e-01 6.122924e-01
-5.188208e-01 6.132787e-01
-5.188208e-01 6.044599e-01
-5.188208e-01 6.056749e-01
-5.188208e-01 6.087761e-01
-5.188208e-01 5.991537e-01
-5.188208e-01 6.015425e-01
-5.188208e-01 6.160604e-01
-5.188208e-01 5.878357e-01
-5.188208e-01 5.965199e-01
-5.188208e-01 6.036395e-01
-5.188208e-01 5.911318e-01
-5.188208e-01 6.020461e-01
-5.188208e-01 5.959041e-01
-5.188208e-01 6.000051e-01
-5.188208e-01 5.911676e-01
-5.188208e-01 5.845793e-01
-5.188208e-01 6.038246e-01
-5.188208e-01 6.071106e-01
-5.188208e-01 5.961896e-01
-5.188208e-01 6.035185e-01
-5.188208e-01 5.957603e-01
-5.188208e-01 6.128860e-01
-5.188208e-01 6.046575e-01
-5.188208e-01 5.933797e-01
-5.188208e-01 5.881262e-01
-5.188208e-01 6.255145e-01
-5.188208e-01 6.017748e-01
-5.188208e-01 6.061107e-01
-5.188208e-01 5.880623e-01
-5.188208e-01 5.831239e-01
-5.188208e-01 5.975109e-01
-5.188208e-01 6.024085e-01
-5.188208e-01 6.261377e-01
-5.188208e-01 6.017907e-01
-5.188208e-01 5.855095e-01
-5.188208e-01 5.955163e-01
-5.188208e-01 6.089258e-01
-5.188208e-01 6.004325e-01
-5.188208e-01 5.961695e-01
-5.188208e-01 6.151332e-01
-5.188208e-01 6.029982e-01
-5.188208e-01 5.898228e-01
-5.188208e-01 5.873452e-01
-5.188208e-01 6.050682e-01
-5.188208e-01 6.046534e-01
-5.188208e-01 6.102191e-01
-5.188208e-01 6.077449e-01
-5.188208e-01 6.057759e-01
-5.188208e-01 5.911408e-01
-5.188208e-01 5.968824e-01
-5.188208e-01 6.019534e-01
-5.188208e-01 5.904097e-01
-5.188208e-01 5.868303e-01
-5.188208e-01 5.842789e-01
-5.188208e-01 6.043586e-01
-5.188208e-01 5.840983e-01
-5.188208e-01 5.906780e-01
-5.188208e-01 5.718788e-01
-5.188208e-01 6.043239e-01
-5.188208e-01 5.851605e-01
-5.188208e-01 5.973408e-01
-5.188208e-01 5.900298e-01
-5.188208e-01 6.061408e-01
-5.188208e-01 6.087314e-01
-5.188208e-01 5.885994e-01
-3.457219e-01 6.023076e-01
-3.457219e-01 5.856332e-01
-3.457219e-01 5.855741e-01
-3.457219e-01 5.936809e-01
-3.457219e-01 5.916959e-01
-3.457219e-01 6.071064e-01
-3.457219e-01 5.776651e-01
-3.457219e-01 5.845018e-01
-3.457219e-01 5.767789e-01
-3.457219e-01 5.844378e-01
-3.457219e-01 5.570585e-01
-3.457219e-01 5.459015e-01
-3.457219e-01 5.375520e-01
-3.457219e-01 5.371177e-01
-3.457219e-01 5.362175e-01
-3.457219e-01 5.347823e-01
-3.457219e-01 5.482333e-01
-3.457219e-01 5.445287e-01
-3.457219e-01 5.256218e-01
-3.457219e-01 5.343406e-01
-3.457219e-01 5.375935e-01
-3.457219e-01 5.327707e-01
-3.457219e-01 5.278225e-01
-3.457219e-01 5.187618e-01
-3.457219e-01 5.307073e-01
-3.457219e-01 5.185873e-01
-3.457219e-01 5.131823e-01
-3.457219e-01 5.126438e-01
-3.457219e-01 5.145479e-01
-3.457219e-01 5.133816e-01
-3.457219e-01 5.195025e-01
-3.457219e-01 5.094710e-01
-3.457219e-01 5.292476e-01
-3.457219e-01 5.369814e-01
-3.457219e-01 5.372349e-01
-3.457219e-01 5.173844e-01
-3.457219e-01 5.091418e-01
-3.457219e-01 5.225610e-01
-3.457219e-01 5.414682e-01
-3.457219e-01 5.238548e-01
-3.457219e-01 5.255273e-01
-3.457219e-01 5.152462e-01
-3.457219e-01 5.057465e-01
-3.457219e-01 5.072950e-01
-3.457219e-01 5.349504e-01
-3.457219e-01 5.150881e-01
-3.457219e-01 5.301725e-01
-3.457219e-01 5.231011e-01
-3.457219e-01 5.201210e-01
-3.457219e-01 5.323224e-01
-3.457219e-01 5.401868e-01
-3.457219e-01 5.312137e-01
-3.457219e-01 5.167777e-01
-3.457219e-01 5.177567e-01
-3.457219e-01 5.138826e-01
-3.457219e-01 4.916665e-01
-3.457219e-01 5.259017e-01
-3.457219e-01 5.078207e-01
-3.457219e-01 5.129552e-01
-3.457219e-01 5.250361e-01
-3.457219e-01 5.130306e-01
-3.457219e-01 5.310786e-01
-3.457219e-01 5.030974e-01
-3.457219e-01 5.266915e-01
-3.457219e-01 5.075009e-01
-3.457219e-01 5.137612e-01
-3.457219e-01 5.205841e-01
-3.457219e-01 5.111441e-01
-3.457219e-01 5.256745e-01
-3.457219e-01 5.280220e-01
-3.457219e-01 5.369202e-01
-3.457219e-01 5.095575e-01
-3.457219e-01 5.288496e-01
-3.457219e-01 5.328743e-01
-3.457219e-01 5.195081e-01
-3.457219e-01 5.150702e-01
-3.457219e-01 5.304786e-01
-3.457219e-01 5.240766e-01
-3.457219e-01 5.200226e-01
-3.457219e-01 5.221425e-01
7.182750e-01 5.244851e-01
7.182750e-01 5.064504e-01
7.182750e-01 5.112333e-01
7.182750e-01 5.056674e-01
7.182750e-01 4.675209e-01
7.182750e-01 4.033232e-01
7.182750e-01 3.479918e-01
7.182750e-01 2.719703e-01
7.182750e-01 1.821412e-01
7.182750e-01 8.641665e-02
7.182750e-01 -1.902865e-02
7.182750e-01 -1.133257e-01
7.182750e-01 -2.532695e-01
7.182750e-01 -3.263656e-01
7.182750e-01 -4.696368e-01
7.182750e-01 -5.810345e-01
7.182750e-01 -6.536114e-01
7.182750e-01 -7.532444e-01
7.182750e-01 -8.329853e-01
7.182750e-01 -9.275515e-01
7.182750e-01 -1.012821e+00
7.182750e-01 -1.085796e+00
7.182750e-01 -1.161247e+00
7.182750e-01 -1.224444e+00
7.182750e-01 -1.250484e+00
7.182750e-01 -1.303549e+00
7.182750e-01 -1.365876e+00
7.182750e-01 -1.368294e+00
7.182750e-01 -1.424512e+00
7.182750e-01 -1.472771e+00
7.182750e-01 -1.480942e+00
7.182750e-01 -1.517828e+00
7.182750e-01 -1.520247e+00
7.182750e-01 -1.537013e+00
7.182750e-01 -1.569065e+00
7.182750e-01 -1.566985e+00
7.182750e-01 -1.595510e+00
7.182750e-01 -1.581258e+00
7.182750e-01 -1.613966e+00
7.182750e-01 -1.604469e+00
7.182750e-01 -1.614264e+00
7.182750e-01 -1.627422e+00
7.182750e-01 -1.624849e+00
7.182750e-01 -1.628935e+00
7.182750e-01 -1.609170e+00
7.182750e-01 -1.622553e+00
7.182750e-01 -1.638705e+00
7.182750e-01 -1.659956e+00
7.182750e-01 -1.630780e+00
7.182750e-01 -1.641767e+00
7.182750e-01 -1.641963e+00
7.182750e-01 -1.656070e+00
7.182750e-01 -1.660637e+00
7.182750e-01 -1.655733e+00
7.182750e-01 -1.673022e+00
7.182750e-01 -1.652900e+00
7.182750e-01 -1.648661e+00
7.182750e-01 -1.659015e+00
7.182750e-01 -1.658601e+00
7.182750e-01 -1.664850e+00
7.182750e-01 -1.678674e+00
7.182750e-01 -1.661541e+00
7.182750e-01 -1.657609e+00
7.182750e-01 -1.679260e+00
7.182750e-01 -1.644022e+00
7.182750e-01 -1.667650e+00
7.182750e-01 -1.661684e+00
7.182750e-01 -1.661866e+00
7.182750e-01 -1.669564e+00
7.182750e-01 -1.671134e+00
7.182750e-01 -1.663184e+00
7.182750e-01 -1.670240e+00
7.182750e-01 -1.629285e+00
7.182750e-01 -1.658721e+00
7.182750e-01 -1.653099e+00
7.182750e-01 -1.660550e+00
7.182750e-01 -1.668780e+00
7.182750e-01 -1.683632e+00
7.182750e-01 -1.659597e+00
7.182750e-01 -1.657051e+00
3.321804e-01 -1.679251e+00
3.321804e-01 -1.669598e+00
3.321804e-01 -1.658325e+00
3.321804e-01 -1.648744e+00
3.321804e-01 -1.641371e+00
3.321804e-01 -1.575564e+00
3.321804e-01 -1.528118e+00
3.321804e-01 -1.487058e+00
3.321804e-01 -1.429959e+00
3.321804e-01 -1.384685e+00
3.321804e-01 -1.350242e+00
3.321804e-01 -1.310533e+00
3.321804e-01 -1.252963e+00
3.321804e-01 -1.244860e+00
3.321804e-01 -1.204839e+00
3.321804e-01 -1.170629e+00
3.321804e-01 -1.161394e+00
3.321804e-01 -1.145968e+00
3.321804e-01 -1.115903e+00
3.321804e-01 -1.098502e+00
3.321804e-01 -1.092696e+00
3.321804e-01 -1.091846e+00
3.321804e-01 -1.062667e+00
3.321804e-01 -1.056301e+00
3.321804e-01 -1.045785e+00
3.321804e-01 -1.026506e+00
3.321804e-01 -1.028987e+00
3.321804e-01 -1.029308e+00
3.321804e-01 -1.020781e+00
3.321804e-01 -1.011678e+00
3.321804e-01 -1.006266e+00
3.321804e-01 -9.859436e-01
3.321804e-01 -1.003951e+00
3.321804e-01 -9.998225e-01
3.321804e-01 -1.009249e+00
3.321804e-01 -9.846395e-01
3.321804e-01 -9.550687e-01
3.321804e-01 -9.879376e-01
3.321804e-01 -9.887732e-01
3.321804e-01 -9.891860e-01
3.321804e-01 -9.911735e-01
3.321804e-01 -9.912913e-01
3.321804e-01 -9.872734e-01
3.321804e-01 -9.806302e-01
3.321804e-01 -9.748060e-01
3.321804e-01 -9.847475e-01
3.321804e-01 -1.001478e+00
3.321804e-01 -9.806762e-01
3.321804e-01 -9.933744e-01
3.321804e-01 -9.912260e-01
3.321804e-01 -1.001449e+00
3.321804e-01 -9.861654e-01
3.321804e-01 -9.819111e-01
3.321804e-01 -9.706733e-01
3.321804e-01 -9.794982e-01
3.321804e-01 -9.979075e-01
3.321804e-01 -9.942395e-01
3.321804e-01 -9.770523e-01
3.321804e-01 -9.836821e-01
3.321804e-01 -9.754577e-01
3.321804e-01 -9.837457e-01
3.321804e-01 -9.660086e-01
3.321804e-01 -9.893168e-01
3.321804e-01 -9.759454e-01
3.321804e-01 -1.013760e+00
3.321804e-01 -9.750776e-01
3.321804e-01 -9.818361e-01
3.321804e-01 -9.809512e-01
3.321804e-01 -9.677489e-01
3.321804e-01 -9.852756e-01
3.321804e-01 -9.789616e-01
3.321804e-01 -9.905273e-01
3.321804e-01 -9.858412e-01
3.321804e-01 -9.767196e-01
3.321804e-01 -9.774731e-01
3.321804e-01 -9.916962e-01
3.321804e-01 -9.877936e-01
3.321804e-01 -9.855894e-01
3.321804e-01 -9.729004e-01
3.321804e-01 -9.842864e-01
8.232442e-02 -9.821452e-01
8.232442e-02 -9.839654e-01
8.232442e-02 -9.922286e-01
8.232442e-02 -9.608860e-01
8.232442e-02 -9.320539e-01
8.232442e-02 -8.926288e-01
8.232442e-02 -8.220301e-01
8.232442e-02 -7.761892e-01
8.232442e-02 -6.989428e-01
8.232442e-02 -6.546100e-01
8.232442e-02 -6.112511e-01
8.232442e-02 -5.726031e-01
8.232442e-02 -5.087305e-01
8.232442e-02 -4.948539e-01
8.232442e-02 -4.444740e-01
8.232442e-02 -4.122196e-01
8.232442e-02 -3.788809e-01
8.232442e-02 -3.709713e-01
8.232442e-02 -3.451268e-01
8.232442e-02 -3.363531e-01
8.232442e-02 -3.241562e-01
8.232442e-02 -2.984457e-01
8.232442e-02 -2.914690e-01
8.232442e-02 -2.896533e-01
8.232442e-02 -2.721220e-01
8.232442e-02 -2.625483e-01
8.232442e-02 -2.576501e-01
8.232442e-02 -2.558943e-01
8.232442e-02 -2.569046e-01
8.232442e-02 -2.456956e-01
8.232442e-02 -2.378715e-01
8.232442e-02 -2.324109e-01
8.232442e-02 -2.393766e-01
8.232442e-02 -2.231162e-01
8.232442e-02 -2.427264e-01
8.232442e-02 -2.341460e-01
8.232442e-02 -2.250838e-01
8.232442e-02 -2.148378e-01
8.232442e-02 -2.161840e-01
8.232442e-02 -2.133634e-01
8.232442e-02 -2.233593e-01
8.232442e-02 -1.944408e-01
8.232442e-02 -2.296972e-01
8.232442e-02 -2.003092e-01
8.232442e-02 -2.124293e-01
8.232442e-02 -2.124485e-01
8.232442e-02 -2.193293e-01
8.232442e-02 -2.165568e-01
8.232442e-02 -2.098961e-01
8.232442e-02 -2.225147e-01
8.232442e-02 -2.140723e-01
8.232442e-02 -2.259355e-01
8.232442e-02 -2.144964e-01
8.232442e-02 -2.206384e-01
8.232442e-02 -2.170027e-01
8.232442e-02 -2.011131e-01
8.232442e-02 -2.287090e-01
8.232442e-02 -2.125387e-01
8.232442e-02 -2.202055e-01
8.232442e-02 -2.186958e-01
8.232442e-02 -2.200999e-01
8.232442e-02 -2.076725e-01
8.232442e-02 -2.195792e-01
8.232442e-02 -2.155469e-01
8.232442e-02 -2.056117e-01
8.232442e-02 -2.350181e-01
8.232442e-02 -2.160352e-01
8.232442e-02 -2.077984e-01
8.232442e-02 -2.256904e-01
8.232442e-02 -1.970876e-01
8.232442e-02 -2.294534e-01
8.232442e-02 -1.995338e-01
8.232442e-02 -2.218892e-01
8.232442e-02 -2.085076e-01
8.232442e-02 -2.104661e-01
8.232442e-02 -2.058924e-01
8.232442e-02 -2.374570e-01
8.232442e-02 -2.193538e-01
8.232442e-02 -1.978084e-01
8.232442e-02 -2.190377e-01
-9.419724e-01 -1.966948e-01
-9.419724e-01 -2.151108e-01
-9.419724e-01 -2.109360e-01
-9.419724e-01 -2.131000e-01
-9.419724e-01 -1.414572e-01
-9.419724e-01 -4.492645e-02
-9.419724e-01 2.309814e-02
-9.419724e-01 1.061661e-01
-9.419724e-01 1.687924e-01
-9.419724e-01 2.336114e-01
-9.419724e-01 2.982517e-01
-9.419724e-01 3.485732e-01
-9.419724e-01 3.892347e-01
-9.419724e-01 4.031240e-01
-9.419724e-01 4.514812e-01
-9.419724e-01 4.949453e-01
-9.419724e-01 5.045758e-01
-9.419724e-01 5.324184e-01
-9.419724e-01 5.576838e-01
-9.419724e-01 5.664336e-01
-9.419724e-01 5.663323e-01
-9.419724e-01 5.786829e-01
-9.419724e-01 6.019150e-01
-9.419724e-01 5.956131e-01
-9.419724e-01 6.249636e-01
-9.419724e-01 6.146888e-01
-9.419724e-01 6.289018e-01
-9.419724e-01 6.182908e-01
-9.419724e-01 6.276239e-01
-9.419724e-01 6.262029e-01
-9.419724e-01 6.362042e-01
-9.419724e-01 6.287293e-01
-9.419724e-01 6.159106e-01
-9.419724e-01 6.282142e-01
-9.419724e-01 6.380861e-01
-9.419724e-01 6.255694e-01
-9.419724e-01 6.448129e-01
-9.419724e-01 6.289645e-01
-9.419724e-01 6.407682e-01
-9.419724e-01 6.443152e-01
-9.419724e-01 6.422751e-01
-9.419724e-01 6.465730e-01
-9.419724e-01 6.474164e-01
-9.419724e-01 6.396307e-01
-9.419724e-01 6.503866e-01
-9.419724e-01 6.560485e-01
-9.419724e-01 6.539601e-01
-9.419724e-01 6.425925e-01
-9.419724e-01 6.465193e-01
-9.419724e-01 6.755614e-01
-9.419724e-01 6.558252e-01
-9.419724e-01 6.480214e-01
-9.419724e-01 6.430107e-01
-9.419724e-01 6.437996e-01
-9.419724e-01 6.534874e-01
-9.419724e-01 6.653337e-01
-9.419724e-01 6.525026e-01
-9.419724e-01 6.575916e-01
-9.419724e-01 6.604906e-01
-9.419724e-01 6.671454e-01
-9.419724e-01 6.514397e-01
-9.419724e-01 6.711396e-01
-9.419724e-01 6.621746e-01
-9.419724e-01 6.377238e-01
-9.419724e-01 6.519769e-01
-9.419724e-01 6.596202e-01
-9.419724e-01 6.629395e-01
-9.419724e-01 6.408408e-01
-9.419724e-01 6.537795e-01
-9.419724e-01 6.372443e-01
-9.419724e-01 6.435045e-01
-9.419724e-01 6.623890e-01
-9.419724e-01 6.646367e-01
-9.419724e-01 6.671674e-01
-9.419724e-01 6.535362e-01
-9.419724e-01 6.567747e-01
-9.419724e-01 6.632730e-01
-9.419724e-01 6.539824e-01
-9.419724e-01 6.580585e-01
-9.419724e-01 6.640005e-01
4.674966e-01 6.632491e-01
4.674966e-01 6.733939e-01
4.674966e-01 6.525871e-01
4.674966e-01 6.367629e-01
4.674966e-01 6.088515e-01
4.674966e-01 5.588405e-01
4.674966e-01 4.996851e-01
4.674966e-01 4.376766e-01
4.674966e-01 3.889987e-01
4.674966e-01 2.822516e-01
4.674966e-01 2.019901e-01
4.674966e-01 1.062591e-01
4.674966e-01 5.846528e-03
4.674966e-01 -1.014051e-01
4.674966e-01 -1.909125e-01
4.674966e-01 -2.871615e-01
4.674966e-01 -3.661553e-01
4.674966e-01 -4.710988e-01
4.674966e-01 -5.705701e-01
4.674966e-01 -6.109347e-01
4.674966e-01 -7.043819e-01
4.674966e-01 -7.616584e-01
4.674966e-01 -8.560943e-01
4.674966e-01 -8.832690e-01
4.674966e-01 -9.514602e-01
4.674966e-01 -9.869530e-01
4.674966e-01 -1.021918e+00
4.674966e-01 -1.059559e+00
4.674966e-01 -1.093960e+00
4.674966e-01 -1.098018e+00
4.674966e-01 -1.148197e+00
4.674966e-01 -1.172495e+00
4.674966e-01 -1.172258e+00
4.674966e-01 -1.201488e+00
4.674966e-01 -1.214268e+00
4.674966e-01 -1.214323e+00
4.674966e-01 -1.236233e+00
4.674966e-01 -1.251361e+00
4.674966e-01 -1.250689e+00
4.674966e-01 -1.255648e+00
4.674966e-01 -1.253966e+00
4.674966e-01 -1.265664e+00
4.674966e-01 -1.278691e+00
4.674966e-01 -1.276730e+00
4.674966e-01 -1.294523e+00
4.674966e-01 -1.295024e+00
4.674966e-01 -1.299001e+00
4.674966e-01 -1.304503e+00
4.674966e-01 -1.300150e+00
4.674966e-01 -1.306491e+00
4.674966e-01 -1.291837e+00
4.674966e-01 -1.321191e+00
4.674966e-01 -1.302407e+00
4.674966e-01 -1.306605e+00
4.674966e-01 -1.319024e+00
4.674966e-01 -1.322179e+00
4.674966e-01 -1.316763e+00
4.674966e-01 -1.307010e+00
4.674966e-01 -1.300478e+00
4.674966e-01 -1.296317e+00
4.674966e-01 -1.317653e+00
4.674966e-01 -1.321010e+00
4.674966e-01 -1.286609e+00
4.674966e-01 -1.312904e+00
4.674966e-01 -1.320465e+00
4.674966e-01 -1.323215e+00
4.674966e-01 -1.313660e+00
4.674966e-01 -1.309512e+00
4.674966e-01 -1.309025e+00
4.674966e-01 -1.312559e+00
4.674966e-01 -1.317866e+00
4.674966e-01 -1.327797e+00
4.674966e-01 -1.312710e+00
4.674966e-01 -1.317944e+00
4.674966e-01 -1.316476e+00
4.674966e-01 -1.314455e+00
4.674966e-01 -1.300780e+00
4.674966e-01 -1.300550e+00
4.674966e-01 -1.314062e+00
4.674966e-01 -1.311760e+00
-2.101000e-01 -1.330073e+00
-2.101000e-01 -1.322115e+00
-2.101000e-01 -1.314121e+00
-2.101000e-01 -1.280043e+00
-2.101000e-01 -1.141328e+00
-2.101000e-01 -9.990821e-01
-2.101000e-01 -8.333076e-01
-2.101000e-01 -6.617568e-01
-2.101000e-01 -5.194581e-01
-2.101000e-01 -4.223783e-01
-2.101000e-01 -2.996379e-01
-2.101000e-01 -2.151233e-01
-2.101000e-01 -9.660406e-02
-2.101000e-01 -4.930688e-02
-2.101000e-01 2.190444e-02
-2.101000e-01 6.972343e-02
-2.101000e-01 1.194944e-01
-2.101000e-01 1.774841e-01
-2.101000e-01 2.030176e-01
-2.101000e-01 2.257537e-01
-2.101000e-01 2.440398e-01
-2.101000e-01 2.802886e-01
-2.101000e-01 2.932343e-01
-2.101000e-01 3.073271e-01
-2.101000e-01 3.147856e-01
-2.101000e-01 3.158450e-01
-2.101000e-01 3.313332e-01
-2.101000e-01 3.574991e-01
-2.101000e-01 3.344733e-01
-2.101000e-01 3.604528e-01
-2.101000e-01 3.508652e-01
-2.101000e-01 3.436990e-01
-2.101000e-01 3.730798e-01
-2.101000e-01 3.704843e-01
-2.101000e-01 3.572368e-01
-2.101000e-01 3.738369e-01
-2.101000e-01 3.974517e-01
-2.101000e-01 3.781188e-01
-2.101000e-01 3.584164e-01
-2.101000e-01 3.754717e-01
-2.101000e-01 3.912855e-01
-2.101000e-01 3.903530e-01
-2.101000e-01 3.739852e-01
-2.101000e-01 3.845415e-01
-2.101000e-01 3.746266e-01
-2.101000e-01 3.974142e-01
-2.101000e-01 4.023654e-01
-2.101000e-01 3.967979e-01
-2.101000e-01 3.887521e-01
-2.101000e-01 4.089546e-01
-2.101000e-01 3.983484e-01
-2.101000e-01 4.231156e-01
-2.101000e-01 3.731729e-01
-2.101000e-01 4.033858e-01
-2.101000e-01 4.027804e-01
-2.101000e-01 3.878348e-01
-2.101000e-01 3.703015e-01
-2.101000e-01 3.919916e-01
-2.101000e-01 3.972238e-01
-2.101000e-01 3.933557e-01
-2.101000e-01 4.051027e-01
-2.101000e-01 3.985179e-01
-2.101000e-01 3.941728e-01
-2.101000e-01 3.812417e-01
-2.101000e-01 3.993668e-01
-2.101000e-01 3.982178e-01
-2.101000e-01 3.899898e-01
-2.101000e-01 4.004951e-01
-2.101000e-01 3.892706e-01
-2.101000e-01 4.051567e-01
-2.101000e-01 3.929938e-01
-2.101000e-01 3.963532e-01
-2.101000e-01 3.790753e-01
-2.101000e-01 3.849658e-01
-2.101000e-01 3.811662e-01
-2.101000e-01 4.043767e-01
-2.101000e-01 3.913129e-01
-2.101000e-01 3.949055e-01
-2.101000e-01 3.800071e-01
-2.101000e-01 3.914093e-01
6.040942e-01 4.001297e-01
6.040942e-01 3.853428e-01
6.040942e-01 3.907144e-01
6.040942e-01 3.852406e-01
6.040942e-01 3.502614e-01
6.040942e-01 2.861475e-01
6.040942e-01 2.324812e-01
6.040942e-01 1.370478e-01
6.040942e-01 5.888920e-02
6.040942e-01 -4.032787e-02
6.040942e-01 -1.369283e-01
6.040942e-01 -2.507539e-01
6.040942e-01 -3.459228e-01
6.040942e-01 -4.368778e-01
6.040942e-01 -5.322406e-01
6.040942e-01 -6.149821e-01
6.040942e-01 -6.982445e-01
6.040942e-01 -7.883169e-01
6.040942e-01 -8.836038e-01
6.040942e-01 -9.501133e-01
6.040942e-01 -1.010403e+00
6.040942e-01 -1.059054e+00
6.040942e-01 -1.127669e+00
6.040942e-01 -1.171075e+00
6.040942e-01 -1.223583e+00
6.040942e-01 -1.271460e+00
6.040942e-01 -1.296515e+00
6.040942e-01 -1.333769e+00
6.040942e-01 -1.355262e+00
6.040942e-01 -1.377453e+00
6.040942e-01 -1.387896e+00
6.040942e-01 -1.421549e+00
6.040942e-01 -1.426698e+00
6.040942e-01 -1.449184e+00
6.040942e-01 -1.441358e+00
6.040942e-01 -1.448180e+00
6.040942e-01 -1.503029e+00
6.040942e-01 -1.484765e+00
6.040942e-01 -1.480273e+00
6.040942e-01 -1.488538e+00
6.040942e-01 -1.508887e+00
6.040942e-01 -1.507163e+00
6.040942e-01 -1.521221e+00
6.040942e-01 -1.515395e+00
6.040942e-01 -1.524520e+00
6.040942e-01 -1.527129e+00
6.040942e-01 -1.518604e+00
6.040942e-01 -1.516198e+00
6.040942e-01 -1.513181e+00
6.040942e-01 -1.553207e+00
6.040942e-01 -1.537519e+00
6.040942e-01 -1.534358e+00
6.040942e-01 -1.539198e+00
6.040942e-01 -1.543327e+00
6.040942e-01 -1.542881e+00
6.040942e-01 -1.550873e+00
6.040942e-01 -1.529546e+00
6.040942e-01 -1.542921e+00
6.040942e-01 -1.556656e+00
6.040942e-01 -1.546152e+00
6.040942e-01 -1.532324e+00
6.040942e-01 -1.537247e+00
6.040942e-01 -1.523868e+00
6.040942e-01 -1.526155e+00
6.040942e-01 -1.533110e+00
6.040942e-01 -1.537757e+00
6.040942e-01 -1.541728e+00
6.040942e-01 -1.530998e+00
6.040942e-01 -1.548147e+00
6.040942e-01 -1.546503e+00
6.040942e-01 -1.541972e+00
6.040942e-01 -1.550472e+00
6.040942e-01 -1.527775e+00
6.040942e-01 -1.564111e+00
6.040942e-01 -1.542898e+00
6.040942e-01 -1.542028e+00
6.040942e-01 -1.539070e+00
6.040942e-01 -1.526991e+00
6.040942e-01 -1.528573e+00
6.040942e-01 -1.551274e+00
-4.911577e-01 -1.550884e+00
-4.911577e-01 -1.541691e+00
-4.911577e-01 -1.553364e+00
-4.911577e-01 -1.470926e+00
-4.911577e-01 -1.315103e+00
-4.911577e-01 -1.084249e+00
-4.911577e-01 -8.634175e-01
-4.911577e-01 -6.477800e-01
-4.911577e-01 -4.449011e-01
-4.911577e-01 -2.735985e-01
-4.911577e-01 -1.532201e-01
-4.911577e-01 -2.283854e-02
-4.911577e-01 6.220517e-02
-4.911577e-01 1.341811e-01
-4.911577e-01 2.051406e-01
-4.911577e-01 2.813831e-01
-4.911577e-01 3.073097e-01
-4.911577e-01 3.632429e-01
-4.911577e-01 3.764501e-01
-4.911577e-01 4.152004e-01
-4.911577e-01 4.134128e-01
-4.911577e-01 4.490344e-01
-4.911577e-01 4.799009e-01
-4.911577e-01 5.009126e-01
-4.911577e-01 5.178579e-01
-4.911577e-01 5.131081e-01
-4.911577e-01 5.341824e-01
-4.911577e-01 5.255459e-01
-4.911577e-01 5.511639e-01
-4.911577e-01 5.423514e-01
-4.911577e-01 5.594286e-01
-4.911577e-01 5.821055e-01
-4.911577e-01 5.634722e-01
-4.911577e-01 5.760760e-01
-4.911577e-01 5.520017e-01
-4.911577e-01 5.729269e-01
-4.911577e-01 5.550298e-01
-4.911577e-01 5.727860e-01
-4.911577e-01 5.908695e-01
-4.911577e-01 5.926705e-01
-4.911577e-01 5.923497e-01
-4.911577e-01 5.890478e-01
-4.911577e-01 5.761427e-01
-4.911577e-01 5.854004e-01
-4.911577e-01 5.757379e-01
-4.911577e-01 6.026448e-01
-4.911577e-01 5.865263e-01
-4.911577e-01 5.918427e-01
-4.911577e-01 5.857992e-01
-4.911577e-01 5.788255e-01
-4.911577e-01 5.812066e-01
-4.911577e-01 5.726399e-01
-4.911577e-01 5.887803e-01
-4.911577e-01 5.804172e-01
-4.911577e-01 5.937177e-01
-4.911577e-01 5.851146e-01
-4.911577e-01 5.920495e-01
-4.911577e-01 5.866194e-01
-4.911577e-01 5.937759e-01
-4.911577e-01 5.734406e-01
-4.911577e-01 5.947564e-01
-4.911577e-01 5.735824e-01
-4.911577e-01 5.915272e-01
-4.911577e-01 5.817472e-01
-4.911577e-01 5.834537e-01
-4.911577e-01 5.861429e-01
-4.911577e-01 5.911012e-01
-4.911577e-01 5.920554e-01
-4.911577e-01 5.975512e-01
-4.911577e-01 5.824297e-01
-4.911577e-01 5.911701e-01
-4.911577e-01 5.941349e-01
-4.911577e-01 5.860166e-01
-4.911577e-01 5.872194e-01
-4.911577e-01 5.732824e-01
-4.911577e-01 5.837024e-01
-4.911577e-01 5.852603e-01
-4.911577e-01 5.941177e-01
-4.911577e-01 6.034881e-01
-4.911577e-01 5.675994e-01
-8.862301e-01 5.965323e-01
-8.862301e-01 5.811517e-01
-8.862301e-01 5.820412e-01
-8.862301e-01 6.050177e-01
-8.862301e-01 5.931218e-01
-8.862301e-01 6.022243e-01
-8.862301e-01 5.943697e-01
-8.862301e-01 6.025770e-01
-8.862301e-01 6.207950e-01
-8.862301e-01 6.055178e-01
-8.862301e-01 6.156268e-01
-8.862301e-01 6.232550e-01
-8.862301e-01 6.187530e-01
-8.862301e-01 6.445257e-01
-8.862301e-01 6.412079e-01
-8.862301e-01 6.224324e-01
-8.862301e-01 6.311353e-01
-8.862301e-01 6.364618e-01
-8.862301e-01 6.481688e-01
-8.862301e-01 6.272726e-01
-8.862301e-01 6.296821e-01
-8.862301e-01 6.515233e-01
-8.862301e-01 6.503224e-01
-8.862301e-01 6.290457e-01
-8.862301e-01 6.500935e-01
-8.862301e-01 6.480356e-01
-8.862301e-01 6.468354e-01
-8.862301e-01 6.420486e-01
-8.862301e-01 6.423051e-01
-8.862301e-01 6.533405e-01
-8.862301e-01 6.424024e-01
-8.862301e-01 6.426212e-01
-8.862301e-01 6.702719e-01
-8.862301e-01 6.473148e-01
-8.862301e-01 6.627314e-01
-8.862301e-01 6.702533e-01
-8.862301e-01 6.507626e-01
-8.862301e-01 6.320898e-01
-8.862301e-01 6.493872e-01
-8.862301e-01 6.539374e-01
-8.862301e-01 6.350579e-01
-8.862301e-01 6.565291e-01
-8.862301e-01 6.494987e-01
-8.862301e-01 6.520328e-01
-8.862301e-01 6.662640e-01
-8.862301e-01 6.499440e-01
-8.862301e-01 6.426641e-01
-8.862301e-01 6.422456e-01
-8.862301e-01 6.363061e-01
-8.862301e-01 6.437704e-01
-8.862301e-01 6.517037e-01
-8.862301e-01 6.663078e-01
-8.862301e-01 6.419745e-01
-8.862301e-01 6.412639e-01
-8.862301e-01 6.345223e-01
-8.862301e-01 6.372435e-01
-8.862301e-01 6.446020e-01
-8.862301e-01 6.480624e-01
-8.862301e-01 6.562078e-01
-8.862301e-01 6.422937e-01
-8.862301e-01 6.504865e-01
-8.862301e-01 6.508339e-01
-8.862301e-01 6.372484e-01
-8.862301e-01 6.516024e-01
-8.862301e-01 6.503554e-01
-8.862301e-01 6.496553e-01
-8.862301e-01 6.527813e-01
-8.862301e-01 6.603949e-01
-8.862301e-01 6.452581e-01
-8.862301e-01 6.439516e-01
-8.862301e-01 6.440934e-01
-8.862301e-01 6.408985e-01
-8.862301e-01 6.542115e-01
-8.862301e-01 6.456611e-01
-8.862301e-01 6.471866e-01
-8.862301e-01 6.366614e-01
-8.862301e-01 6.427577e-01
-8.862301e-01 6.460265e-01
-8.862301e-01 6.692672e-01
-8.862301e-01 6.407791e-01
7.332973e-01 6.589933e-01
7.332973e-01 6.465990e-01
7.332973e-01 6.425865e-01
7.332973e-01 6.335751e-01
7.332973e-01 6.067124e-01
7.332973e-01 5.675826e-01
7.332973e-01 4.830922e-01
7.332973e-01 4.165923e-01
7.332973e-01 3.562286e-01
7.332973e-01 2.448669e-01
7.332973e-01 1.386551e-01
7.332973e-01 4.180131e-02
7.332973e-01 -8.560955e-02
7.332973e-01 -1.901003e-01
7.332973e-01 -3.302203e-01
7.332973e-01 -4.340311e-01
7.332973e-01 -5.289187e-01
7.332973e-01 -6.439289e-01
7.332973e-01 -7.432032e-01
7.332973e-01 -8.293187e-01
7.332973e-01 -9.019851e-01
7.332973e-01 -1.012099e+00
7.332973e-01 -1.061308e+00
7.332973e-01 -1.149009e+00
7.332973e-01 -1.204692e+00
7.332973e-01 -1.274607e+00
7.332973e-01 -1.313827e+00
7.332973e-01 -1.335983e+00
7.332973e-01 -1.389640e+00
7.332973e-01 -1.425811e+00
7.332973e-01 -1.472670e+00
7.332973e-01 -1.470593e+00
7.332973e-01 -1.511534e+00
7.332973e-01 -1.540878e+00
7.332973e-01 -1.556860e+00
7.332973e-01 -1.555421e+00
7.332973e-01 -1.584086e+00
7.332973e-01 -1.594248e+00
7.332973e-01 -1.588145e+00
7.332973e-01 -1.595779e+00
7.332973e-01 -1.614196e+00
7.332973e-01 -1.622518e+00
7.332973e-01 -1.639822e+00
7.332973e-01 -1.628204e+00
7.332973e-01 -1.633683e+00
7.332973e-01 -1.649250e+00
7.332973e-01 -1.647505e+00
7.332973e-01 -1.648843e+00
7.332973e-01 -1.666231e+00
7.332973e-01 -1.657031e+00
7.332973e-01 -1.668236e+00
7.332973e-01 -1.659777e+00
7.332973e-01 -1.662506e+00
7.332973e-01 -1.678001e+00
7.332973e-01 -1.678492e+00
7.332973e-01 -1.662720e+00
7.332973e-01 -1.661735e+00
7.332973e-01 -1.676143e+00
7.332973e-01 -1.688443e+00
7.332973e-01 -1.676704e+00
7.332973e-01 -1.661969e+00
7.332973e-01 -1.656136e+00
7.332973e-01 -1.663331e+00
7.332973e-01 -1.666764e+00
7.332973e-01 -1.658874e+00
7.332973e-01 -1.662340e+00
7.332973e-01 -1.677660e+00
7.332973e-01 -1.653615e+00
7.332973e-01 -1.665711e+00
7.332973e-01 -1.674767e+00
7.332973e-01 -1.685727e+00
7.332973e-01 -1.681928e+00
7.332973e-01 -1.671079e+00
7.332973e-01 -1.660983e+00
7.332973e-01 -1.672594e+00
7.332973e-01 -1.668592e+00
7.332973e-01 -1.692788e+00
7.332973e-01 -1.652574e+00
7.332973e-01 -1.674761e+00
7.332973e-01 -1.678264e+00
-5.579420e-01 -1.668470e+00
-5.579420e-01 -1.652539e+00
-5.579420e-01 -1.668181e+00
-5.579420e-01 -1.590228e+00
-5.579420e-01 -1.403080e+00
-5.579420e-01 -1.169530e+00
-5.579420e-01 -9.242666e-01
-5.579420e-01 -6.869961e-01
-5.579420e-01 -4.791591e-01
-5.579420e-01 -3.119833e-01
-5.579420e-01 -1.506218e-01
-5.579420e-01 -4.033699e-02
-5.579420e-01 6.674399e-02
-5.579420e-01 1.526172e-01
-5.579420e-01 2.246255e-01
-5.579420e-01 2.683873e-01
-5.579420e-01 3.318668e-01
-5.579420e-01 3.810102e-01
-5.579420e-01 4.079089e-01
-5.579420e-01 4.438207e-01
-5.579420e-01 4.497740e-01
-5.579420e-01 4.670437e-01
-5.579420e-01 4.844611e-01
-5.579420e-01 5.200031e-01
-5.579420e-01 5.158341e-01
-5.579420e-01 5.321666e-01
-5.579420e-01 5.372329e-01
-5.579420e-01 5.576085e-01
-5.579420e-01 5.617205e-01
-5.579420e-01 5.831221e-01
-5.579420e-01 5.601934e-01
-5.579420e-01 5.738656e-01
-5.579420e-01 5.790744e-01
-5.579420e-01 5.962471e-01
-5.579420e-01 5.914161e-01
-5.579420e-01 6.061925e-01
-5.579420e-01 5.961670e-01
-5.579420e-01 6.159799e-01
-5.579420e-01 5.972562e-01
-5.579420e-01 6.061566e-01
-5.579420e-01 6.030080e-01
-5.579420e-01 5.950619e-01
-5.579420e-01 5.988064e-01
-5.579420e-01 6.196196e-01
-5.579420e-01 6.045408e-01
-5.579420e-01 5.916014e-01
-5.579420e-01 6.236913e-01
-5.579420e-01 6.065492e-01
-5.579420e-01 6.133730e-01
-5.579420e-01 6.025134e-01
-5.579420e-01 6.074916e-01
-5.579420e-01 5.966849e-01
-5.579420e-01 6.093610e-01
-5.579420e-01 5.959881e-01
-5.579420e-01 6.119981e-01
-5.579420e-01 5.969452e-01
-5.579420e-01 5.968564e-01
-5.579420e-01 5.736729e-01
-5.579420e-01 6.059107e-01
-5.579420e-01 6.081750e-01
-5.579420e-01 6.091949e-01
-5.579420e-01 6.201938e-01
-5.579420e-01 6.186070e-01
-5.579420e-01 5.767796e-01
-5.579420e-01 6.168685e-01
-5.579420e-01 5.959962e-01
-5.579420e-01 6.003445e-01
-5.579420e-01 6.224276e-01
-5.579420e-01 6.142176e-01
-5.579420e-01 6.161795e-01
-5.579420e-01 6.078570e-01
-5.579420e-01 6.084414e-01
-5.579420e-01 5.975675e-01
-5.579420e-01 6.145361e-01
-5.579420e-01 6.031468e-01
-5.579420e-01 6.297865e-01
-5.579420e-01 6.249803e-01
-5.579420e-01 5.813282e-01
-5.579420e-01 6.030318e-01
-5.579420e-01 5.815800e-01
-1.900211e-01 6.050779e-01
-1.900211e-01 6.339200e-01
-1.900211e-01 6.266586e-01
-1.900211e-01 5.983653e-01
-1.900211e-01 5.967244e-01
-1.900211e-01 5.888456e-01
-1.900211e-01 5.804796e-01
-1.900211e-01 5.459226e-01
-1.900211e-01 5.462229e-01
-1.900211e-01 5.379738e-01
-1.900211e-01 5.350436e-01
-1.900211e-01 4.958762e-01
-1.900211e-01 5.144898e-01
-1.900211e-01 4.908367e-01
-1.900211e-01 4.547410e-01
-1.900211e-01 4.559990e-01
-1.900211e-01 4.366962e-01
-1.900211e-01 4.351992e-01
-1.900211e-01 4.290181e-01
-1.900211e-01 4.309882e-01
-1.900211e-01 4.245052e-01
-1.900211e-01 4.278877e-01
-1.900211e-01 4.183673e-01
-1.900211e-01 3.794263e-01
-1.900211e-01 3.900689e-01
-1.900211e-01 4.089110e-01
-1.900211e-01 3.916123e-01
-1.900211e-01 3.836608e-01
-1.900211e-01 3.761136e-01
-1.900211e-01 3.744639e-01
-1.900211e-01 3.814557e-01
-1.900211e-01 3.987571e-01
-1.900211e-01 3.788647e-01
-1.900211e-01 3.490273e-01
-1.900211e-01 3.718448e-01
-1.900211e-01 3.702290e-01
-1.900211e-01 3.640940e-01
-1.900211e-01 3.744143e-01
-1.900211e-01 3.706343e-01
-1.900211e-01 3.796251e-01
-1.900211e-01 3.743966e-01
-1.900211e-01 3.669622e-01
-1.900211e-01 3.756492e-01
-1.900211e-01 3.629188e-01
-1.900211e-01 3.857358e-01
-1.900211e-01 3.697943e-01
-1.900211e-01 3.733317e-01
-1.900211e-01 3.635975e-01
-1.900211e-01 3.774599e-01
-1.900211e-01 3.572352e-01
-1.900211e-01 3.688701e-01
-1.900211e-01 3.686548e-01
-1.900211e-01 3.898666e-01
-1.900211e-01 3.663478e-01
-1.900211e-01 3.723229e-01
-1.900211e-01 3.499324e-01
-1.900211e-01 3.609356e-01
-1.900211e-01 3.659512e-01
-1.900211e-01 3.870944e-01
-1.900211e-01 3.695798e-01
-1.900211e-01 3.742224e-01
-1.900211e-01 3.666056e-01
-1.900211e-01 3.878201e-01
-1.900211e-01 3.706251e-01
-1.900211e-01 3.575379e-01
-1.900211e-01 3.804321e-01
-1.900211e-01 3.588107e-01
-1.900211e-01 3.756061e-01
-1.900211e-01 3.950803e-01
-1.900211e-01 3.728078e-01
-1.900211e-01 3.772218e-01
-1.900211e-01 3.624555e-01
-1.900211e-01 3.621507e-01
-1.900211e-01 3.611456e-01
-1.900211e-01 3.539624e-01
-1.900211e-01 3.695680e-01
-1.900211e-01 3.648841e-01
-1.900211e-01 3.634928e-01
-1.900211e-01 3.781329e-01
-1.900211e-01 3.535533e-01
-3.678071e-01 3.696415e-01
-3.678071e-01 3.748022e-01
-3.678071e-01 3.779749e-01
-3.678071e-01 3.876413e-01
-3.678071e-01 3.914875e-01
-3.678071e-01 3.936431e-01
-3.678071e-01 4.119590e-01
-3.678071e-01 4.203470e-01
-3.678071e-01 4.198961e-01
-3.678071e-01 4.309691e-01
-3.678071e-01 4.340675e-01
-3.678071e-01 4.596465e-01
-3.678071e-01 4.524481e-01
-3.678071e-01 4.884087e-01
-3.678071e-01 4.789063e-01
-3.678071e-01 4.940555e-01
-3.678071e-01 4.956348e-01
-3.678071e-01 5.114368e-01
-3.678071e-01 5.075299e-01
-3.678071e-01 5.045145e-01
-3.678071e-01 5.091925e-01
-3.678071e-01 4.909716e-01
-3.678071e-01 5.177173e-01
-3.678071e-01 5.145776e-01
-3.678071e-01 5.179284e-01
-3.678071e-01 5.105158e-01
-3.678071e-01 5.282590e-01
-3.678071e-01 5.133330e-01
-3.678071e-01 5.199191e-01
-3.678071e-01 5.277733e-01
-3.678071e-01 5.284480e-01
-3.678071e-01 5.203624e-01
-3.678071e-01 5.229151e-01
-3.678071e-01 5.463746e-01
-3.678071e-01 5.419798e-01
-3.678071e-01 5.295551e-01
-3.678071e-01 5.469255e-01
-3.678071e-01 5.270366e-01
-3.678071e-01 5.261381e-01
-3.678071e-01 5.328107e-01
-3.678071e-01 5.093186e-01
-3.678071e-01 5.273462e-01
-3.678071e-01 5.377963e-01
-3.678071e-01 5.139962e-01
-3.678071e-01 5.547824e-01
-3.678071e-01 5.361813e-01
-3.678071e-01 5.266285e-01
-3.678071e-01 5.204544e-01
-3.678071e-01 5.409842e-01
-3.678071e-01 5.337850e-01
-3.678071e-01 5.434423e-01
-3.678071e-01 5.334965e-01
-3.678071e-01 5.313974e-01
-3.678071e-01 5.278097e-01
-3.678071e-01 5.404278e-01
-3.678071e-01 5.235059e-01
-3.678071e-01 5.444334e-01
-3.678071e-01 5.055531e-01
-3.678071e-01 5.318618e-01
-3.678071e-01 5.204564e-01
-3.678071e-01 5.419476e-01
-3.678071e-01 5.371492e-01
-3.678071e-01 5.234863e-01
-3.678071e-01 5.329445e-01
-3.678071e-01 5.342976e-01
-3.678071e-01 5.390997e-01
-3.678071e-01 5.344523e-01
-3.678071e-01 5.021086e-01
-3.678071e-01 5.222261e-01
-3.678071e-01 5.326681e-01
-3.678071e-01 5.163202e-01
-3.678071e-01 5.427971e-01
-3.678071e-01 5.361379e-01
-3.678071e-01 5.249136e-01
-3.678071e-01 5.289552e-01
-3.678071e-01 5.248409e-01
-3.678071e-01 5.436188e-01
-3.678071e-01 5.407073e-01
-3.678071e-01 5.518809e-01
-3.678071e-01 5.480568e-01
-8.466746e-01 5.416646e-01
-8.466746e-01 5.198569e-01
-8.466746e-01 5.357053e-01
-8.466746e-01 5.274645e-01
-8.466746e-01 5.519239e-01
-8.466746e-01 5.518262e-01
-8.466746e-01 5.540624e-01
-8.466746e-01 5.661526e-01
-8.466746e-01 5.629849e-01
-8.466746e-01 5.824536e-01
-8.466746e-01 5.909077e-01
-8.466746e-01 5.945657e-01
-8.466746e-01 5.881297e-01
-8.466746e-01 6.233603e-01
-8.466746e-01 6.010851e-01
-8.466746e-01 5.946416e-01
-8.466746e-01 6.146194e-01
-8.466746e-01 6.176016e-01
-8.466746e-01 6.185602e-01
-8.466746e-01 6.292247e-01
-8.466746e-01 6.149833e-01
-8.466746e-01 6.344422e-01
-8.466746e-01 6.388400e-01
-8.466746e-01 6.305822e-01
-8.466746e-01 6.227293e-01
-8.466746e-01 6.280319e-01
-8.466746e-01 6.235187e-01
-8.466746e-01 6.364531e-01
-8.466746e-01 6.345866e-01
-8.466746e-01 6.431733e-01
-8.466746e-01 6.482649e-01
-8.466746e-01 6.191753e-01
-8.466746e-01 6.580409e-01
-8.466746e-01 6.513929e-01
-8.466746e-01 6.500097e-01
-8.466746e-01 6.493668e-01
-8.466746e-01 6.498550e-01
-8.466746e-01 6.355767e-01
-8.466746e-01 6.437399e-01
-8.466746e-01 6.496204e-01
-8.466746e-01 6.563129e-01
-8.466746e-01 6.277228e-01
-8.466746e-01 6.249207e-01
-8.466746e-01 6.413873e-01
-8.466746e-01 6.488693e-01
-8.466746e-01 6.415549e-01
-8.466746e-01 6.459361e-01
-8.466746e-01 6.627833e-01
-8.466746e-01 6.448653e-01
-8.466746e-01 6.507598e-01
-8.466746e-01 6.587880e-01
-8.466746e-01 6.400967e-01
-8.466746e-01 6.539285e-01
-8.466746e-01 6.513483e-01
-8.466746e-01 6.412165e-01
-8.466746e-01 6.391684e-01
-8.466746e-01 6.638110e-01
-8.466746e-01 6.316760e-01
-8.466746e-01 6.357193e-01
-8.466746e-01 6.527415e-01
-8.466746e-01 6.372027e-01
-8.466746e-01 6.449064e-01
-8.466746e-01 6.604085e-01
-8.466746e-01 6.499481e-01
-8.466746e-01 6.385699e-01
-8.466746e-01 6.566939e-01
-8.466746e-01 6.388362e-01
-8.466746e-01 6.404672e-01
-8.466746e-01 6.517951e-01
-8.466746e-01 6.638978e-01
-8.466746e-01 6.332470e-01
-8.466746e-01 6.498743e-01
-8.466746e-01 6.463597e-01
-8.466746e-01 6.271310e-01
-8.466746e-01 6.292714e-01
-8.466746e-01 6.419345e-01
-8.466746e-01 6.498988e-01
-8.466746e-01 6.438851e-01
-8.466746e-01 6.421899e-01
-8.466746e-01 6.498221e-01
6.864494e-01 6.504926e-01
6.864494e-01 6.574112e-01
6.864494e-01 6.426819e-01
6.864494e-01 6.530004e-01
6.864494e-01 5.987988e-01
6.864494e-01 5.414202e-01
6.864494e-01 5.144307e-01
6.864494e-01 4.263229e-01
6.864494e-01 3.348618e-01
6.864494e-01 2.603618e-01
6.864494e-01 1.349536e-01
6.864494e-01 4.139712e-02
6.864494e-01 -4.946584e-02
6.864494e-01 -1.922657e-01
6.864494e-01 -2.940110e-01
6.864494e-01 -4.174401e-01
6.864494e-01 -5.308879e-01
6.864494e-01 -6.251362e-01
6.864494e-01 -7.178681e-01
6.864494e-01 -8.116672e-01
6.864494e-01 -8.960168e-01
6.864494e-01 -9.877676e-01
6.864494e-01 -1.044187e+00
6.864494e-01 -1.107830e+00
6.864494e-01 -1.175172e+00
6.864494e-01 -1.237845e+00
6.864494e-01 -1.287476e+00
6.864494e-01 -1.314148e+00
6.864494e-01 -1.348540e+00
6.864494e-01 -1.407516e+00
6.864494e-01 -1.434377e+00
6.864494e-01 -1.460262e+00
6.864494e-01 -1.458526e+00
6.864494e-01 -1.503747e+00
6.864494e-01 -1.520151e+00
6.864494e-01 -1.543132e+00
6.864494e-01 -1.529183e+00
6.864494e-01 -1.549360e+00
6.864494e-01 -1.559545e+00
6.864494e-01 -1.580697e+00
6.864494e-01 -1.568385e+00
6.864494e-01 -1.582732e+00
6.864494e-01 -1.580657e+00
6.864494e-01 -1.595303e+00
6.864494e-01 -1.611805e+00
6.864494e-01 -1.601022e+00
6.864494e-01 -1.603469e+00
6.864494e-01 -1.624692e+00
6.864494e-01 -1.623232e+00
6.864494e-01 -1.616050e+00
6.864494e-01 -1.631867e+00
6.864494e-01 -1.630773e+00
6.864494e-01 -1.619134e+00
6.864494e-01 -1.629969e+00
6.864494e-01 -1.617963e+00
6.864494e-01 -1.628057e+00
6.864494e-01 -1.621525e+00
6.864494e-01 -1.627066e+00
6.864494e-01 -1.635997e+00
6.864494e-01 -1.633651e+00
6.864494e-01 -1.625008e+00
6.864494e-01 -1.642729e+00
6.864494e-01 -1.626125e+00
6.864494e-01 -1.623040e+00
6.864494e-01 -1.623014e+00
6.864494e-01 -1.614654e+00
6.864494e-01 -1.632404e+00
6.864494e-01 -1.649096e+00
6.864494e-01 -1.622628e+00
6.864494e-01 -1.623207e+00
6.864494e-01 -1.629991e+00
6.864494e-01 -1.640292e+00
6.864494e-01 -1.630991e+00
6.864494e-01 -1.625644e+00
6.864494e-01 -1.648015e+00
6.864494e-01 -1.634911e+00
6.864494e-01 -1.637404e+00
6.864494e-01 -1.642851e+00
6.864494e-01 -1.632446e+00
6.864494e-01 -1.641487e+00
6.978783e-01 -1.625014e+00
6.978783e-01 -1.622678e+00
6.978783e-01 -1.631214e+00
6.978783e-01 -1.627127e+00
6.978783e-01 -1.633668e+00
6.978783e-01 -1.630709e+00
6.978783e-01 -1.622870e+00
6.978783e-01 -1.630384e+00
6.978783e-01 -1.631386e+00
6.978783e-01 -1.627122e+00
6.978783e-01 -1.650328e+00
6.978783e-01 -1.622059e+00
6.978783e-01 -1.643551e+00
6.978783e-01 -1.624453e+00
6.978783e-01 -1.631603e+00
6.978783e-01 -1.637521e+00
6.978783e-01 -1.640262e+00
6.978783e-01 -1.631379e+00
6.978783e-01 -1.672041e+00
6.978783e-01 -1.647667e+00
6.978783e-01 -1.645947e+00
6.978783e-01 -1.631199e+00
6.978783e-01 -1.649928e+00
6.978783e-01 -1.658678e+00
6.978783e-01 -1.643995e+00
6.978783e-01 -1.646400e+00
6.978783e-01 -1.629052e+00
6.978783e-01 -1.649764e+00
6.978783e-01 -1.664367e+00
6.978783e-01 -1.647241e+00
6.978783e-01 -1.657099e+00
6.978783e-01 -1.641975e+00
6.978783e-01 -1.642524e+00
6.978783e-01 -1.646271e+00
6.978783e-01 -1.641791e+00
6.978783e-01 -1.634044e+00
6.978783e-01 -1.644593e+00
6.978783e-01 -1.647564e+00
6.978783e-01 -1.632333e+00
6.978783e-01 -1.641823e+00
6.978783e-01 -1.646982e+00
6.978783e-01 -1.646653e+00
6.978783e-01 -1.637363e+00
6.978783e-01 -1.635350e+00
6.978783e-01 -1.630989e+00
6.978783e-01 -1.630435e+00
6.978783e-01 -1.645292e+00
6.978783e-01 -1.646616e+00
6.978783e-01 -1.643423e+00
6.978783e-01 -1.654081e+00
6.978783e-01 -1.623966e+00
6.978783e-01 -1.638411e+00
6.978783e-01 -1.633226e+00
6.978783e-01 -1.640924e+00
6.978783e-01 -1.651959e+00
6.978783e-01 -1.635523e+00
6.978783e-01 -1.649967e+00
6.978783e-01 -1.640401e+00
6.978783e-01 -1.644299e+00
6.978783e-01 -1.633248e+00
6.978783e-01 -1.655051e+00
6.978783e-01 -1.626379e+00
6.978783e-01 -1.652891e+00
6.978783e-01 -1.647043e+00
6.978783e-01 -1.631684e+00
6.978783e-01 -1.626703e+00
6.978783e-01 -1.628082e+00
6.978783e-01 -1.657690e+00
6.978783e-01 -1.638075e+00
6.978783e-01 -1.650051e+00
6.978783e-01 -1.654540e+00
6.978783e-01 -1.637479e+00
6.978783e-01 -1.643222e+00
6.978783e-01 -1.649359e+00
6.978783e-01 -1.659835e+00
6.978783e-01 -1.639162e+00
6.978783e-01 -1.656588e+00
6.978783e-01 -1.658896e+00
6.978783e-01 -1.639272e+00
6.978783e-01 -1.631148e+00
9.429302e-01 -1.640286e+00
9.429302e-01 -1.648576e+00
9.429302e-01 -1.650440e+00
9.429302e-01 -1.668511e+00
9.429302e-01 -1.653209e+00
9.429302e-01 -1.665873e+00
9.429302e-01 -1.687437e+00
9.429302e-01 -1.672503e+00
9.429302e-01 -1.681883e+00
9.429302e-01 -1.700264e+00
9.429302e-01 -1.701824e+00
9.429302e-01 -1.712674e+00
9.429302e-01 -1.717088e+00
9.429302e-01 -1.714574e+00
9.429302e-01 -1.743047e+00
9.429302e-01 -1.736624e+00
9.429302e-01 -1.738898e+00
9.429302e-01 -1.762306e+00
9.429302e-01 -1.755871e+00
9.429302e-01 -1.749954e+00
9.429302e-01 -1.772745e+00
9.429302e-01 -1.763204e+00
9.429302e-01 -1.752687e+00
9.429302e-01 -1.764875e+00
9.429302e-01 -1.763355e+00
9.429302e-01 -1.762611e+00
9.429302e-01 -1.766872e+00
9.429302e-01 -1.768158e+00
9.429302e-01 -1.764761e+00
9.429302e-01 -1.756078e+00
9.429302e-01 -1.774210e+00
9.429302e-01 -1.777899e+00
9.429302e-01 -1.776534e+00
9.429302e-01 -1.781722e+00
9.429302e-01 -1.782398e+00
9.429302e-01 -1.788596e+00
9.429302e-01 -1.785413e+00
9.429302e-01 -1.782949e+00
9.429302e-01 -1.804382e+00
9.429302e-01 -1.776304e+00
9.429302e-01 -1.793130e+00
9.429302e-01 -1.774072e+00
9.429302e-01 -1.780576e+00
9.429302e-01 -1.781433e+00
9.429302e-01 -1.783398e+00
9.429302e-01 -1.785473e+00
9.429302e-01 -1.787369e+00
9.429302e-01 -1.789796e+00
9.429302e-01 -1.782304e+00
9.429302e-01 -1.762214e+00
9.429302e-01 -1.784286e+00
9.429302e-01 -1.757645e+00
9.429302e-01 -1.780618e+00
9.429302e-01 -1.790872e+00
9.429302e-01 -1.767299e+00
9.429302e-01 -1.794312e+00
9.429302e-01 -1.774239e+00
9.429302e-01 -1.781066e+00
9.429302e-01 -1.771176e+00
9.429302e-01 -1.787413e+00
9.429302e-01 -1.782977e+00
9.429302e-01 -1.790377e+00
9.429302e-01 -1.776072e+00
9.429302e-01 -1.780847e+00
9.429302e-01 -1.787997e+00
9.429302e-01 -1.777661e+00
9.429302e-01 -1.760655e+00
9.429302e-01 -1.770674e+00
9.429302e-01 -1.773620e+00
9.429302e-01 -1.778106e+00
9.429302e-01 -1.772083e+00
9.429302e-01 -1.801003e+00
9.429302e-01 -1.780084e+00
9.429302e-01 -1.779463e+00
9.429302e-01 -1.783496e+00
9.429302e-01 -1.796722e+00
9.429302e-01 -1.771889e+00
9.429302e-01 -1.773718e+00
9.429302e-01 -1.775816e+00
9.429302e-01 -1.777110e+00
-2.292462e-01 -1.778323e+00
-2.292462e-01 -1.788409e+00
-2.292462e-01 -1.763542e+00
-2.292462e-01 -1.708263e+00
-2.292462e-01 -1.550676e+00
-2.292462e-01 -1.344193e+00
-2.292462e-01 -1.132443e+00
-2.292462e-01 -9.321434e-01
-2.292462e-01 -7.271393e-01
-2.292462e-01 -5.514618e-01
-2.292462e-01 -4.249526e-01
-2.292462e-01 -2.667055e-01
-2.292462e-01 -1.888519e-01
-2.292462e-01 -9.664922e-02
-2.292462e-01 -2.953011e-02
-2.292462e-01 3.935607e-02
-2.292462e-01 9.702666e-02
-2.292462e-01 1.298317e-01
-2.292462e-01 1.722443e-01
-2.292462e-01 2.113167e-01
-2.292462e-01 2.474878e-01
-2.292462e-01 2.683073e-01
-2.292462e-01 2.986719e-01
-2.292462e-01 3.175759e-01
-2.292462e-01 3.154752e-01
-2.292462e-01 3.392155e-01
-2.292462e-01 3.523229e-01
-2.292462e-01 3.557602e-01
-2.292462e-01 3.620922e-01
-2.292462e-01 3.775233e-01
-2.292462e-01 3.763733e-01
-2.292462e-01 3.911594e-01
-2.292462e-01 3.911484e-01
-2.292462e-01 4.035890e-01
-2.292462e-01 3.826602e-01
-2.292462e-01 4.238235e-01
-2.292462e-01 4.011038e-01
-2.292462e-01 4.010145e-01
-2.292462e-01 3.975305e-01
-2.292462e-01 3.854015e-01
-2.292462e-01 3.964574e-01
-2.292462e-01 3.982803e-01
-2.292462e-01 4.018636e-01
-2.292462e-01 4.160838e-01
-2.292462e-01 4.146537e-01
-2.292462e-01 4.232693e-01
-2.292462e-01 4.094503e-01
-2.292462e-01 3.970836e-01
-2.292462e-01 4.212059e-01
-2.292462e-01 4.178104e-01
-2.292462e-01 4.197979e-01
-2.292462e-01 4.248851e-01
-2.292462e-01 4.238439e-01
-2.292462e-01 4.029025e-01
-2.292462e-01 4.119636e-01
-2.292462e-01 4.387705e-01
-2.292462e-01 4.233993e-01
-2.292462e-01 4.285358e-01
-2.292462e-01 4.426173e-01
-2.292462e-01 4.181359e-01
-2.292462e-01 4.269199e-01
-2.292462e-01 4.150696e-01
-2.292462e-01 3.986945e-01
-2.292462e-01 4.250483e-01
-2.292462e-01 4.065969e-01
-2.292462e-01 3.941340e-01
-2.292462e-01 4.161473e-01
-2.292462e-01 4.313895e-01
-2.292462e-01 3.905684e-01
-2.292462e-01 4.274376e-01
-2.292462e-01 4.056708e-01
-2.292462e-01 4.069385e-01
-2.292462e-01 4.137482e-01
-2.292462e-01 4.146458e-01
-2.292462e-01 4.159834e-01
-2.292462e-01 4.053402e-01
-2.292462e-01 4.284875e-01
-2.292462e-01 4.243689e-01
-2.292462e-01 4.187819e-01
-2.292462e-01 4.222162e-01
9.089763e-01 4.195270e-01
9.089763e-01 4.134952e-01
9.089763e-01 4.068047e-01
9.089763e-01 4.107112e-01
9.089763e-01 3.650415e-01
9.089763e-01 3.095535e-01
9.089763e-01 2.415780e-01
9.089763e-01 1.533779e-01
9.089763e-01 6.159583e-02
9.089763e-01 -5.655584e-02
9.089763e-01 -1.572316e-01
9.089763e-01 -2.503354e-01
9.089763e-01 -3.793824e-01
9.089763e-01 -4.922501e-01
9.089763e-01 -5.887933e-01
9.089763e-01 -7.022423e-01
9.089763e-01 -8.005785e-01
9.089763e-01 -9.105237e-01
9.089763e-01 -9.751697e-01
9.089763e-01 -1.076870e+00
9.089763e-01 -1.143669e+00
9.089763e-01 -1.211108e+00
9.089763e-01 -1.293004e+00
9.089763e-01 -1.354889e+00
9.089763e-01 -1.391375e+00
9.089763e-01 -1.446057e+00
9.089763e-01 -1.455631e+00
9.089763e-01 -1.507030e+00
9.089763e-01 -1.553369e+00
9.089763e-01 -1.558454e+00
9.089763e-01 -1.610114e+00
9.089763e-01 -1.608943e+00
9.089763e-01 -1.638936e+00
9.089763e-01 -1.676277e+00
9.089763e-01 -1.675886e+00
9.089763e-01 -1.692194e+00
9.089763e-01 -1.715381e+00
9.089763e-01 -1.695373e+00
9.089763e-01 -1.724744e+00
9.089763e-01 -1.722072e+00
9.089763e-01 -1.724100e+00
9.089763e-01 -1.724638e+00
9.089763e-01 -1.758721e+00
9.089763e-01 -1.739149e+00
9.089763e-01 -1.744679e+00
9.089763e-01 -1.741140e+00
9.089763e-01 -1.747151e+00
9.089763e-01 -1.751878e+00
9.089763e-01 -1.757029e+00
9.089763e-01 -1.756440e+00
9.089763e-01 -1.769487e+00
9.089763e-01 -1.781656e+00
9.089763e-01 -1.782027e+00
9.089763e-01 -1.754391e+00
9.089763e-01 -1.768093e+00
9.089763e-01 -1.767399e+00
9.089763e-01 -1.765027e+00
9.089763e-01 -1.759995e+00
9.089763e-01 -1.762373e+00
9.089763e-01 -1.762005e+00
9.089763e-01 -1.765208e+00
9.089763e-01 -1.777716e+00
9.089763e-01 -1.776369e+00
9.089763e-01 -1.786804e+00
9.089763e-01 -1.749474e+00
9.089763e-01 -1.758806e+00
9.089763e-01 -1.769685e+00
9.089763e-01 -1.764608e+00
9.089763e-01 -1.767318e+00
9.089763e-01 -1.761748e+00
9.089763e-01 -1.755699e+00
9.089763e-01 -1.787294e+00
9.089763e-01 -1.762000e+00
9.089763e-01 -1.746535e+00
9.089763e-01 -1.770117e+00
9.089763e-01 -1.765790e+00
9.089763e-01 -1.756742e+00
9.089763e-01 -1.758314e+00
9.089763e-01 -1.780463e+00
9.089763e-01 -1.768135e+00
-1.084833e-01 -1.755147e+00
-1.084833e-01 -1.764436e+00
-1.084833e-01 -1.761833e+00
-1.084833e-01 -1.712419e+00
-1.084833e-01 -1.580683e+00
-1.084833e-01 -1.396897e+00
-1.084833e-01 -1.210187e+00
-1.084833e-01 -1.019158e+00
-1.084833e-01 -8.678536e-01
-1.084833e-01 -7.095791e-01
-1.084833e-01 -5.802528e-01
-1.084833e-01 -4.662839e-01
-1.084833e-01 -3.708598e-01
-1.084833e-01 -2.601320e-01
-1.084833e-01 -2.047936e-01
-1.084833e-01 -1.188343e-01
-1.084833e-01 -8.608489e-02
-1.084833e-01 -3.789319e-02
-1.084833e-01 -6.370389e-03
-1.084833e-01 3.847223e-02
-1.084833e-01 3.851621e-02
-1.084833e-01 6.973844e-02
-1.084833e-01 1.196730e-01
-1.084833e-01 1.252596e-01
-1.084833e-01 1.295516e-01
-1.084833e-01 1.773386e-01
-1.084833e-01 1.468735e-01
-1.084833e-01 1.754702e-01
-1.084833e-01 1.822278e-01
-1.084833e-01 2.070156e-01
-1.084833e-01 1.941989e-01
-1.084833e-01 1.957575e-01
-1.084833e-01 2.014120e-01
-1.084833e-01 2.289784e-01
-1.084833e-01 2.135481e-01
-1.084833e-01 2.226777e-01
-1.084833e-01 2.332472e-01
-1.084833e-01 2.245316e-01
-1.084833e-01 2.268219e-01
-1.084833e-01 2.263794e-01
-1.084833e-01 2.313414e-01
-1.084833e-01 2.495140e-01
-1.084833e-01 2.395101e-01
-1.084833e-01 2.344375e-01
-1.084833e-01 2.334074e-01
-1.084833e-01 2.477728e-01
-1.084833e-01 2.374306e-01
-1.084833e-01 2.337184e-01
-1.084833e-01 2.465737e-01
-1.084833e-01 2.336587e-01
-1.084833e-01 2.408896e-01
-1.084833e-01 2.619678e-01
-1.084833e-01 2.494452e-01
-1.084833e-01 2.497073e-01
-1.084833e-01 2.385613e-01
-1.084833e-01 2.493972e-01
-1.084833e-01 2.495246e-01
-1.084833e-01 2.385743e-01
-1.084833e-01 2.335069e-01
-1.084833e-01 2.491623e-01
-1.084833e-01 2.440635e-01
-1.084833e-01 2.399973e-01
-1.084833e-01 2.520142e-01
-1.084833e-01 2.287761e-01
-1.084833e-01 2.442524e-01
-1.084833e-01 2.413402e-01
-1.084833e-01 2.454132e-01
-1.084833e-01 2.465557e-01
-1.084833e-01 2.447147e-01
-1.084833e-01 2.460969e-01
-1.084833e-01 2.342028e-01
-1.084833e-01 2.353473e-01
-1.084833e-01 2.535733e-01
-1.084833e-01 2.390145e-01
-1.084833e-01 2.432465e-01
-1.084833e-01 2.247248e-01
-1.084833e-01 2.437231e-01
-1.084833e-01 2.359900e-01
-1.084833e-01 2.532742e-01
-1.084833e-01 2.281979e-01
3.394493e-01 2.380291e-01
3.394493e-01 2.458653e-01
3.394493e-01 2.553200e-01
3.394493e-01 2.300247e-01
3.394493e-01 2.054423e-01
3.394493e-01 1.480016e-01
3.394493e-01 1.077805e-01
3.394493e-01 4.794077e-02
3.394493e-01 -2.167000e-02
3.394493e-01 -1.008382e-01
3.394493e-01 -1.634279e-01
3.394493e-01 -2.501278e-01
3.394493e-01 -3.126899e-01
3.394493e-01 -3.500022e-01
3.394493e-01 -4.230544e-01
3.394493e-01 -4.800334e-01
3.394493e-01 -5.431437e-01
3.394493e-01 -6.002971e-01
3.394493e-01 -6.264882e-01
3.394493e-01 -6.711246e-01
3.394493e-01 -7.082712e-01
3.394493e-01 -7.405082e-01
3.394493e-01 -7.673244e-01
3.394493e-01 -7.998875e-01
3.394493e-01 -8.142770e-01
3.394493e-01 -8.530750e-01
3.394493e-01 -8.672000e-01
3.394493e-01 -8.857561e-01
3.394493e-01 -9.125193e-01
3.394493e-01 -9.226756e-01
3.394493e-01 -9.271015e-01
3.394493e-01 -9.326337e-01
3.394493e-01 -9.418480e-01
3.394493e-01 -9.639275e-01
3.394493e-01 -9.609217e-01
3.394493e-01 -9.689222e-01
3.394493e-01 -9.825035e-01
3.394493e-01 -9.641113e-01
3.394493e-01 -9.704957e-01
3.394493e-01 -9.767304e-01
3.394493e-01 -9.945417e-01
3.394493e-01 -9.895914e-01
3.394493e-01 -9.945684e-01
3.394493e-01 -9.864044e-01
3.394493e-01 -9.783214e-01
3.394493e-01 -1.019054e+00
3.394493e-01 -9.962029e-01
3.394493e-01 -9.865489e-01
3.394493e-01 -9.932802e-01
3.394493e-01 -1.000812e+00
3.394493e-01 -9.888537e-01
3.394493e-01 -1.000770e+00
3.394493e-01 -1.002094e+00
3.394493e-01 -1.007201e+00
3.394493e-01 -1.004070e+00
3.394493e-01 -9.833837e-01
3.394493e-01 -1.000668e+00
3.394493e-01 -9.964068e-01
3.394493e-01 -1.010435e+00
3.394493e-01 -1.003193e+00
3.394493e-01 -1.004333e+00
3.394493e-01 -9.892520e-01
3.394493e-01 -9.882264e-01
3.394493e-01 -1.008576e+00
3.394493e-01 -1.008948e+00
3.394493e-01 -1.011759e+00
3.394493e-01 -1.020257e+00
3.394493e-01 -1.000937e+00
3.394493e-01 -1.002606e+00
3.394493e-01 -9.925781e-01
3.394493e-01 -1.013007e+00
3.394493e-01 -1.010892e+00
3.394493e-01 -1.006779e+00
3.394493e-01 -1.004065e+00
3.394493e-01 -9.880323e-01
3.394493e-01 -1.001267e+00
3.394493e-01 -9.948656e-01
3.394493e-01 -9.959863e-01
3.394493e-01 -1.008624e+00
3.394493e-01 -1.002310e+00
-8.349999e-01 -9.994264e-01
-8.349999e-01 -1.002031e+00
-8.349999e-01 -1.009524e+00
-8.349999e-01 -9.583169e-01
-8.349999e-01 -8.186618e-01
-8.349999e-01 -6.622347e-01
-8.349999e-01 -5.092339e-01
-8.349999e-01 -3.172857e-01
-8.349999e-01 -1.679212e-01
-8.349999e-01 -4.985055e-02
-8.349999e-01 4.887126e-02
-8.349999e-01 1.570899e-01
-8.349999e-01 2.422262e-01
-8.349999e-01 2.835223e-01
-8.349999e-01 3.601094e-01
-8.349999e-01 3.865125e-01
-8.349999e-01 4.304683e-01
-8.349999e-01 4.625953e-01
-8.349999e-01 4.849160e-01
-8.349999e-01 5.118060e-01
-8.349999e-01 5.221110e-01
-8.349999e-01 5.628692e-01
-8.349999e-01 5.743941e-01
-8.349999e-01 5.596697e-01
-8.349999e-01 5.655061e-01
-8.349999e-01 5.741902e-01
-8.349999e-01 6.060509e-01
-8.349999e-01 5.907528e-01
-8.349999e-01 6.029313e-01
-8.349999e-01 6.179010e-01
-8.349999e-01 6.269245e-01
-8.349999e-01 6.190898e-01
-8.349999e-01 6.094437e-01
-8.349999e-01 6.378768e-01
-8.349999e-01 6.198444e-01
-8.349999e-01 6.202545e-01
-8.349999e-01 6.231072e-01
-8.349999e-01 6.411891e-01
-8.349999e-01 6.342761e-01
-8.349999e-01 6.421444e-01
-8.349999e-01 6.506046e-01
-8.349999e-01 6.341757e-01
-8.349999e-01 6.319108e-01
-8.349999e-01 6.433824e-01
-8.349999e-01 6.633293e-01
-8.349999e-01 6.549142e-01
-8.349999e-01 6.480069e-01
-8.349999e-01 6.453202e-01
-8.349999e-01 6.439232e-01
-8.349999e-01 6.450820e-01
-8.349999e-01 6.676981e-01
-8.349999e-01 6.543179e-01
-8.349999e-01 6.491013e-01
-8.349999e-01 6.494168e-01
-8.349999e-01 6.448447e-01
-8.349999e-01 6.311293e-01
-8.349999e-01 6.695706e-01
-8.349999e-01 6.343157e-01
-8.349999e-01 6.416855e-01
-8.349999e-01 6.513283e-01
-8.349999e-01 6.486950e-01
-8.349999e-01 6.353664e-01
-8.349999e-01 6.645913e-01
-8.349999e-01 6.602028e-01
-8.349999e-01 6.335040e-01
-8.349999e-01 6.449917e-01
-8.349999e-01 6.314626e-01
-8.349999e-01 6.280104e-01
-8.349999e-01 6.364858e-01
-8.349999e-01 6.498317e-01
-8.349999e-01 6.436681e-01
-8.349999e-01 6.434700e-01
-8.349999e-01 6.498037e-01
-8.349999e-01 6.386571e-01
-8.349999e-01 6.503924e-01
-8.349999e-01 6.403939e-01
-8.349999e-01 6.338786e-01
-8.349999e-01 6.442117e-01
-8.349999e-01 6.553930e-01
-8.349999e-01 6.462417e-01
7.941972e-01 6.430023e-01
7.941972e-01 6.406391e-01
7.941972e-01 6.372070e-01
7.941972e-01 6.230214e-01
7.941972e-01 6.114907e-01
7.941972e-01 5.695516e-01
7.941972e-01 5.006345e-01
7.941972e-01 4.137669e-01
7.941972e-01 3.300218e-01
7.941972e-01 2.299601e-01
7.941972e-01 1.450333e-01
7.941972e-01 2.758200e-02
7.941972e-01 -8.531214e-02
7.941972e-01 -2.256392e-01
7.941972e-01 -3.288563e-01
7.941972e-01 -4.370531e-01
7.941972e-01 -5.632619e-01
7.941972e-01 -6.617239e-01
7.941972e-01 -7.677941e-01
7.941972e-01 -8.568538e-01
7.941972e-01 -9.469801e-01
7.941972e-01 -1.021216e+00
7.941972e-01 -1.116798e+00
7.941972e-01 -1.186980e+00
7.941972e-01 -1.246467e+00
7.941972e-01 -1.309017e+00
7.941972e-01 -1.354106e+00
7.941972e-01 -1.397659e+00
7.941972e-01 -1.432919e+00
7.941972e-01 -1.462498e+00
7.941972e-01 -1.487379e+00
7.941972e-01 -1.519230e+00
7.941972e-01 -1.553445e+00
7.941972e-01 -1.583545e+00
7.941972e-01 -1.586749e+00
7.941972e-01 -1.596502e+00
7.941972e-01 -1.624612e+00
7.941972e-01 -1.623706e+00
7.941972e-01 -1.634862e+00
7.941972e-01 -1.635402e+00
7.941972e-01 -1.641806e+00
7.941972e-01 -1.674254e+00
7.941972e-01 -1.681180e+00
7.941972e-01 -1.682150e+00
7.941972e-01 -1.675320e+00
7.941972e-01 -1.709053e+00
7.941972e-01 -1.681363e+00
7.941972e-01 -1.701383e+00
7.941972e-01 -1.691824e+00
7.941972e-01 -1.688213e+00
7.941972e-01 -1.684953e+00
7.941972e-01 -1.714352e+00
7.941972e-01 -1.697969e+00
7.941972e-01 -1.709630e+00
7.941972e-01 -1.702409e+00
7.941972e-01 -1.695310e+00
7.941972e-01 -1.702207e+00
7.941972e-01 -1.691545e+00
7.941972e-01 -1.680374e+00
7.941972e-01 -1.701820e+00
7.941972e-01 -1.701746e+00
7.941972e-01 -1.696700e+00
7.941972e-01 -1.708088e+00
7.941972e-01 -1.696078e+00
7.941972e-01 -1.705152e+00
7.941972e-01 -1.723092e+00
7.941972e-01 -1.714062e+00
7.941972e-01 -1.699061e+00
7.941972e-01 -1.725788e+00
7.941972e-01 -1.723023e+00
7.941972e-01 -1.718567e+00
7.941972e-01 -1.698732e+00
7.941972e-01 -1.725285e+00
7.941972e-01 -1.701838e+00
7.941972e-01 -1.712504e+00
7.941972e-01 -1.727107e+00
7.941972e-01 -1.693939e+00
7.941972e-01 -1.712932e+00
7.941972e-01 -1.708580e+00
7.941972e-01 -1.728033e+00
-4.039930e-01 -1.694487e+00
-4.039930e-01 -1.726388e+00
-4.039930e-01 -1.707957e+00
-4.039930e-01 -1.641906e+00
-4.039930e-01 -1.461749e+00
-4.039930e-01 -1.219090e+00
-4.039930e-01 -1.001998e+00
-4.039930e-01 -7.682858e-01
-4.039930e-01 -5.629022e-01
-4.039930e-01 -3.893330e-01
-4.039930e-01 -2.405132e-01
-4.039930e-01 -1.173197e-01
-4.039930e-01 -5.362258e-03
-4.039930e-01 6.584628e-02
-4.039930e-01 1.424144e-01
-4.039930e-01 2.100627e-01
-4.039930e-01 2.804345e-01
-4.039930e-01 3.032967e-01
-4.039930e-01 3.308969e-01
-4.039930e-01 3.813030e-01
-4.039930e-01 4.047874e-01
-4.039930e-01 4.292706e-01
-4.039930e-01 4.501404e-01
-4.039930e-01 4.628741e-01
-4.039930e-01 4.904081e-01
-4.039930e-01 4.841081e-01
-4.039930e-01 4.856811e-01
-4.039930e-01 5.157673e-01
-4.039930e-01 5.121370e-01
-4.039930e-01 5.386229e-01
-4.039930e-01 4.983224e-01
-4.039930e-01 5.223788e-01
-4.039930e-01 5.442339e-01
-4.039930e-01 5.217803e-01
-4.039930e-01 5.451733e-01
-4.039930e-01 5.402706e-01
-4.039930e-01 5.370492e-01
-4.039930e-01 5.471819e-01
-4.039930e-01 5.255671e-01
-4.039930e-01 5.535847e-01
-4.039930e-01 5.328473e-01
-4.039930e-01 5.227418e-01
-4.039930e-01 5.553421e-01
-4.039930e-01 5.446068e-01
-4.039930e-01 5.460329e-01
-4.039930e-01 5.539403e-01
-4.039930e-01 5.608360e-01
-4.039930e-01 5.551617e-01
-4.039930e-01 5.572289e-01
-4.039930e-01 5.523658e-01
-4.039930e-01 5.396497e-01
-4.039930e-01 5.558085e-01
-4.039930e-01 5.593237e-01
-4.039930e-01 5.559897e-01
-4.039930e-01 5.346835e-01
-4.039930e-01 5.450405e-01
-4.039930e-01 5.540532e-01
-4.039930e-01 5.595744e-01
-4.039930e-01 5.568407e-01
-4.039930e-01 5.477882e-01
-4.039930e-01 5.581966e-01
-4.039930e-01 5.410636e-01
-4.039930e-01 5.532052e-01
-4.039930e-01 5.494016e-01
-4.039930e-01 5.371255e-01
-4.039930e-01 5.481190e-01
-4.039930e-01 5.548829e-01
-4.039930e-01 5.510726e-01
-4.039930e-01 5.339655e-01
-4.039930e-01 5.547352e-01
-4.039930e-01 5.527234e-01
-4.039930e-01 5.610688e-01
-4.039930e-01 5.442739e-01
-4.039930e-01 5.509453e-01
-4.039930e-01 5.511645e-01
-4.039930e-01 5.488109e-01
-4.039930e-01 5.519869e-01
-4.039930e-01 5.579721e-01
-4.039930e-01 5.673946e-01
-4.039930e-01 5.542930e-01
-4.753904e-01 5.509791e-01
-4.753904e-01 5.482934e-01
-4.753904e-01 5.402195e-01
-4.753904e-01 5.490752e-01
-4.753904e-01 5.331198e-01
-4.753904e-01 5.550825e-01
-4.753904e-01 5.483690e-01
-4.753904e-01 5.606366e-01
-4.753904e-01 5.429618e-01
-4.753904e-01 5.391824e-01
-4.753904e-01 5.557604e-01
-4.753904e-01 5.726145e-01
-4.753904e-01 5.669853e-01
-4.753904e-01 5.735962e-01
-4.753904e-01 5.778755e-01
-4.753904e-01 5.850247e-01
-4.753904e-01 5.667983e-01
-4.753904e-01 5.819159e-01
-4.753904e-01 5.697765e-01
-4.753904e-01 5.776415e-01
-4.753904e-01 5.633793e-01
-4.753904e-01 5.901036e-01
-4.753904e-01 5.777151e-01
-4.753904e-01 5.744003e-01
-4.753904e-01 5.772573e-01
-4.753904e-01 5.603564e-01
-4.753904e-01 5.816231e-01
-4.753904e-01 5.705731e-01
-4.753904e-01 5.638818e-01
-4.753904e-01 5.614279e-01
-4.753904e-01 5.718055e-01
-4.753904e-01 5.921541e-01
-4.753904e-01 5.919190e-01
-4.753904e-01 5.729170e-01
-4.753904e-01 5.906635e-01
-4.753904e-01 5.836084e-01
-4.753904e-01 5.836185e-01
-4.753904e-01 5.876286e-01
-4.753904e-01 5.802432e-01
-4.753904e-01 5.742721e-01
-4.753904e-01 5.801160e-01
-4.753904e-01 5.942046e-01
-4.753904e-01 5.780904e-01
-4.753904e-01 5.727614e-01
-4.753904e-01 5.742709e-01
-4.753904e-01 5.690817e-01
-4.753904e-01 5.956002e-01
-4.753904e-01 5.816436e-01
-4.753904e-01 5.763487e-01
-4.753904e-01 5.868872e-01
-4.753904e-01 5.794641e-01
-4.753904e-01 5.884450e-01
-4.753904e-01 5.814714e-01
-4.753904e-01 5.957006e-01
-4.753904e-01 5.733387e-01
-4.753904e-01 5.851998e-01
-4.753904e-01 5.643161e-01
-4.753904e-01 5.720561e-01
-4.753904e-01 5.911652e-01
-4.753904e-01 5.894486e-01
-4.753904e-01 5.815290e-01
-4.753904e-01 5.739031e-01
-4.753904e-01 5.751754e-01
-4.753904e-01 5.867235e-01
-4.753904e-01 5.893168e-01
-4.753904e-01 5.760610e-01
-4.753904e-01 5.851887e-01
-4.753904e-01 6.032375e-01
-4.753904e-01 6.042851e-01
-4.753904e-01 5.895180e-01
-4.753904e-01 5.866710e-01
-4.753904e-01 5.733610e-01
-4.753904e-01 5.765407e-01
-4.753904e-01 5.895126e-01
-4.753904e-01 5.617608e-01
-4.753904e-01 5.895071e-01
-4.753904e-01 6.098244e-01
-4.753904e-01 5.929436e-01
-4.753904e-01 5.868657e-01
-4.753904e-01 5.841063e-01
-9.897409e-01 5.870228e-01
-9.897409e-01 5.610293e-01
-9.897409e-01 5.853038e-01
-9.897409e-01 5.821224e-01
-9.897409e-01 6.092960e-01
-9.897409e-01 5.821139e-01
-9.897409e-01 5.944747e-01
-9.897409e-01 5.986581e-01
-9.897409e-01 6.048271e-01
-9.897409e-01 6.201771e-01
-9.897409e-01 6.227916e-01
-9.897409e-01 6.068363e-01
-9.897409e-01 6.338823e-01
-9.897409e-01 6.333072e-01
-9.897409e-01 6.218011e-01
-9.897409e-01 6.407606e-01
-9.897409e-01 6.210916e-01
-9.897409e-01 6.362188e-01
-9.897409e-01 6.457857e-01
-9.897409e-01 6.507355e-01
-9.897409e-01 6.405688e-01
-9.897409e-01 6.519342e-01
-9.897409e-01 6.232352e-01
-9.897409e-01 6.769361e-01
-9.897409e-01 6.299510e-01
-9.897409e-01 6.604878e-01
-9.897409e-01 6.612891e-01
-9.897409e-01 6.558171e-01
-9.897409e-01 6.387867e-01
-9.897409e-01 6.651501e-01
-9.897409e-01 6.451244e-01
-9.897409e-01 6.501701e-01
-9.897409e-01 6.598267e-01
-9.897409e-01 6.653843e-01
-9.897409e-01 6.643010e-01
-9.897409e-01 6.585896e-01
-9.897409e-01 6.485303e-01
-9.897409e-01 6.531493e-01
-9.897409e-01 6.401938e-01
-9.897409e-01 6.550810e-01
-9.897409e-01 6.699727e-01
-9.897409e-01 6.560067e-01
-9.897409e-01 6.496714e-01
-9.897409e-01 6.494468e-01
-9.897409e-01 6.572377e-01
-9.897409e-01 6.532051e-01
-9.897409e-01 6.408526e-01
-9.897409e-01 6.293024e-01
-9.897409e-01 6.426573e-01
-9.897409e-01 6.567716e-01
-9.897409e-01 6.486641e-01
-9.897409e-01 6.405866e-01
-9.897409e-01 6.504612e-01
-9.897409e-01 6.623460e-01
-9.897409e-01 6.679400e-01
-9.897409e-01 6.549752e-01
-9.897409e-01 6.527987e-01
-9.897409e-01 6.526558e-01
-9.897409e-01 6.294567e-01
-9.897409e-01 6.660410e-01
-9.897409e-01 6.538450e-01
-9.897409e-01 6.491884e-01
-9.897409e-01 6.512676e-01
-9.897409e-01 6.616993e-01
-9.897409e-01 6.524552e-01
-9.897409e-01 6.727204e-01
-9.897409e-01 6.522978e-01
-9.897409e-01 6.567521e-01
-9.897409e-01 6.427532e-01
-9.897409e-01 6.670818e-01
-9.897409e-01 6.622614e-01
-9.897409e-01 6.627208e-01
-9.897409e-01 6.703903e-01
-9.897409e-01 6.585382e-01
-9.897409e-01 6.623648e-01
-9.897409e-01 6.559151e-01
-9.897409e-01 6.564563e-01
-9.897409e-01 6.766912e-01
-9.897409e-01 6.480415e-01
-9.897409e-01 6.443531e-01
8.640503e-02 6.505392e-01
8.640503e-02 6.647809e-01
8.640503e-02 6.565795e-01
8.640503e-02 6.402461e-01
8.640503e-02 6.263512e-01
8.640503e-02 6.011900e-01
8.640503e-02 5.717215e-01
8.640503e-02 5.476179e-01
8.640503e-02 5.001234e-01
8.640503e-02 4.361783e-01
8.640503e-02 3.991720e-01
8.640503e-02 3.590764e-01
8.640503e-02 2.903441e-01
8.640503e-02 2.604024e-01
8.640503e-02 2.311448e-01
8.640503e-02 1.804951e-01
8.640503e-02 1.491996e-01
8.640503e-02 8.000338e-02
8.640503e-02 6.588562e-02
8.640503e-02 2.406161e-02
8.640503e-02 5.461736e-03
8.640503e-02 -3.816172e-02
8.640503e-02 -5.568262e-02
8.640503e-02 -8.200262e-02
8.640503e-02 -8.165429e-02
8.640503e-02 -1.166768e-01
8.640503e-02 -1.297513e-01
8.640503e-02 -1.475544e-01
8.640503e-02 -1.601371e-01
8.640503e-02 -1.399670e-01
8.640503e-02 -1.446205e-01
8.640503e-02 -1.551042e-01
8.640503e-02 -1.791556e-01
8.640503e-02 -1.879209e-01
8.640503e-02 -1.841911e-01
8.640503e-02 -1.962264e-01
8.640503e-02 -1.968827e-01
8.640503e-02 -2.064484e-01
8.640503e-02 -1.978163e-01
8.640503e-02 -2.030800e-01
8.640503e-02 -2.134606e-01
8.640503e-02 -2.197191e-01
8.640503e-02 -2.203739e-01
8.640503e-02 -2.208395e-01
8.640503e-02 -2.248389e-01
8.640503e-02 -2.278527e-01
8.640503e-02 -2.319461e-01
8.640503e-02 -2.337395e-01
8.640503e-02 -2.266559e-01
8.640503e-02 -2.201063e-01
8.640503e-02 -2.221228e-01
8.640503e-02 -2.153968e-01
8.640503e-02 -2.325773e-01
8.640503e-02 -2.332942e-01
8.640503e-02 -2.231746e-01
8.640503e-02 -2.162754e-01
8.640503e-02 -2.449993e-01
8.640503e-02 -2.345239e-01
8.640503e-02 -2.178605e-01
8.640503e-02 -2.319950e-01
8.640503e-02 -2.332048e-01
8.640503e-02 -2.187639e-01
8.640503e-02 -2.298193e-01
8.640503e-02 -2.313128e-01
8.640503e-02 -2.241706e-01
8.640503e-02 -2.187891e-01
8.640503e-02 -2.140511e-01
8.640503e-02 -2.162085e-01
8.640503e-02 -2.348992e-01
8.640503e-02 -2.279607e-01
8.640503e-02 -2.356465e-01
8.640503e-02 -2.092932e-01
8.640503e-02 -2.307642e-01
8.640503e-02 -2.368102e-01
8.640503e-02 -2.449032e-01
8.640503e-02 -2.317311e-01
8.640503e-02 -2.479499e-01
8.640503e-02 -2.173562e-01
8.640503e-02 -2.258897e-01
8.640503e-02 -2.290465e-01
-4.880727e-02 -2.285702e-01
-4.880727e-02 -2.251397e-01
-4.880727e-02 -2.372486e-01
-4.880727e-02 -2.120510e-01
-4.880727e-02 -2.272798e-01
-4.880727e-02 -1.837792e-01
-4.880727e-02 -1.681223e-01
-4.880727e-02 -1.273036e-01
-4.880727e-02 -9.128641e-02
-4.880727e-02 -7.559363e-02
-4.880727e-02 -5.512938e-02
-4.880727e-02 -6.000255e-02
-4.880727e-02 -2.072378e-02
-4.880727e-02 1.402017e-02
-4.880727e-02 1.464121e-02
-4.880727e-02 1.846225e-02
-4.880727e-02 4.069850e-02
-4.880727e-02 3.502766e-02
-4.880727e-02 5.101100e-02
-4.880727e-02 6.081451e-02
-4.880727e-02 7.083750e-02
-4.880727e-02 8.557116e-02
-4.880727e-02 8.761058e-02
-4.880727e-02 8.545775e-02
-4.880727e-02 9.838345e-02
-4.880727e-02 9.014601e-02
-4.880727e-02 1.048614e-01
-4.880727e-02 1.148372e-01
-4.880727e-02 1.048288e-01
-4.880727e-02 1.026827e-01
-4.880727e-02 1.183003e-01
-4.880727e-02 9.780563e-02
-4.880727e-02 1.139882e-01
-4.880727e-02 1.312034e-01
-4.880727e-02 1.123357e-01
-4.880727e-02 1.069931e-01
-4.880727e-02 1.128942e-01
-4.880727e-02 1.319488e-01
-4.880727e-02 1.173176e-01
-4.880727e-02 1.272523e-01
-4.880727e-02 1.026402e-01
-4.880727e-02 1.153057e-01
-4.880727e-02 1.344212e-01
-4.880727e-02 1.455433e-01
-4.880727e-02 1.150339e-01
-4.880727e-02 1.153318e-01
-4.880727e-02 1.263548e-01
-4.880727e-02 1.069891e-01
-4.880727e-02 1.315709e-01
-4.880727e-02 1.327289e-01
-4.880727e-02 1.143316e-01
-4.880727e-02 1.114412e-01
-4.880727e-02 1.228588e-01
-4.880727e-02 1.311911e-01
-4.880727e-02 9.929166e-02
-4.880727e-02 1.133743e-01
-4.880727e-02 1.265861e-01
-4.880727e-02 1.303307e-01
-4.880727e-02 1.379730e-01
-4.880727e-02 1.183795e-01
-4.880727e-02 1.289988e-01
-4.880727e-02 1.122573e-01
-4.880727e-02 1.260658e-01
-4.880727e-02 1.413861e-01
-4.880727e-02 1.405218e-01
-4.880727e-02 1.223977e-01
-4.880727e-02 1.266958e-01
-4.880727e-02 1.386522e-01
-4.880727e-02 1.312835e-01
-4.880727e-02 1.108661e-01
-4.880727e-02 1.332501e-01
-4.880727e-02 1.181245e-01
-4.880727e-02 1.242326e-01
-4.880727e-02 1.301184e-01
-4.880727e-02 1.182734e-01
-4.880727e-02 1.246892e-01
-4.880727e-02 1.210238e-01
-4.880727e-02 1.269659e-01
-4.880727e-02 1.256221e-01
-4.880727e-02 1.155158e-01
2.727474e-01 1.270108e-01
2.727474e-01 1.201688e-01
2.727474e-01 1.212715e-01
2.727474e-01 1.068570e-01
2.727474e-01 8.897115e-02
2.727474e-01 6.649584e-02
2.727474e-01 1.201110e-02
2.727474e-01 -4.946598e-02
2.727474e-01 -8.959379e-02
2.727474e-01 -1.554036e-01
2.727474e-01 -2.024495e-01
2.727474e-01 -2.498856e-01
2.727474e-01 -3.052463e-01
2.727474e-01 -3.643794e-01
2.727474e-01 -3.951833e-01
2.727474e-01 -4.527848e-01
2.727474e-01 -4.847603e-01
2.727474e-01 -5.224741e-01
2.727474e-01 -5.653490e-01
2.727474e-01 -5.726133e-01
2.727474e-01 -5.918209e-01
2.727474e-01 -6.179949e-01
2.727474e-01 -6.579309e-01
2.727474e-01 -6.671018e-01
2.727474e-01 -7.005329e-01
2.727474e-01 -7.053544e-01
2.727474e-01 -7.127771e-01
2.727474e-01 -7.204577e-01
2.727474e-01 -7.429253e-01
2.727474e-01 -7.617493e-01
2.727474e-01 -7.527089e-01
2.727474e-01 -7.530934e-01
2.727474e-01 -7.525656e-01
2.727474e-01 -7.704086e-01
2.727474e-01 -7.758881e-01
2.727474e-01 -7.623511e-01
2.727474e-01 -7.957225e-01
2.727474e-01 -7.883926e-01
2.727474e-01 -8.113520e-01
2.727474e-01 -7.956731e-01
2.727474e-01 -7.970894e-01
2.727474e-01 -8.065347e-01
2.727474e-01 -8.237908e-01
2.727474e-01 -8.103413e-01
2.727474e-01 -7.917863e-01
2.727474e-01 -8.064055e-01
2.727474e-01 -7.996868e-01
2.727474e-01 -8.117640e-01
2.727474e-01 -8.213159e-01
2.727474e-01 -8.017068e-01
2.727474e-01 -7.885561e-01
2.727474e-01 -7.888470e-01
2.727474e-01 -7.935991e-01
2.727474e-01 -8.044391e-01
2.727474e-01 -7.997169e-01
2.727474e-01 -7.960364e-01
2.727474e-01 -8.137860e-01
2.727474e-01 -8.072258e-01
2.727474e-01 -8.117123e-01
2.727474e-01 -8.213796e-01
2.727474e-01 -7.947559e-01
2.727474e-01 -8.056295e-01
2.727474e-01 -7.969895e-01
2.727474e-01 -8.210791e-01
2.727474e-01 -8.104948e-01
2.727474e-01 -8.098797e-01
2.727474e-01 -8.111655e-01
2.727474e-01 -8.089186e-01
2.727474e-01 -8.124737e-01
2.727474e-01 -8.183154e-01
2.727474e-01 -8.262424e-01
2.727474e-01 -8.067136e-01
2.727474e-01 -7.941319e-01
2.727474e-01 -8.168382e-01
2.727474e-01 -8.102013e-01
2.727474e-01 -8.253131e-01
2.727474e-01 -8.247487e-01
2.727474e-01 -8.105013e-01
2.727474e-01 -8.027334e-01
2.727474e-01 -8.101489e-01
9.564083e-01 -7.917866e-01
9.564083e-01 -8.186138e-01
9.564083e-01 -8.044464e-01
9.564083e-01 -8.101402e-01
9.564083e-01 -8.433593e-01
9.564083e-01 -8.844562e-01
9.564083e-01 -9.497343e-01
9.564083e-01 -9.942983e-01
9.564083e-01 -1.082629e+00
9.564083e-01 -1.127234e+00
9.564083e-01 -1.195957e+00
9.564083e-01 -1.234294e+00
9.564083e-01 -1.293048e+00
9.564083e-01 -1.324511e+00
9.564083e-01 -1.393466e+00
9.564083e-01 -1.445347e+00
9.564083e-01 -1.473100e+00
9.564083e-01 -1.509996e+00
9.564083e-01 -1.527427e+00
9.564083e-01 -1.566235e+00
9.564083e-01 -1.578176e+00
9.564083e-01 -1.625328e+00
9.564083e-01 -1.634075e+00
9.564083e-01 -1.663052e+00
9.564083e-01 -1.679851e+00
9.564083e-01 -1.688956e+00
9.564083e-01 -1.717863e+00
9.564083e-01 -1.709729e+00
9.564083e-01 -1.717016e+00
9.564083e-01 -1.730542e+00
9.564083e-01 -1.745510e+00
9.564083e-01 -1.736080e+00
9.564083e-01 -1.740634e+00
9.564083e-01 -1.768481e+00
9.564083e-01 -1.763521e+00
9.564083e-01 -1.763785e+00
9.564083e-01 -1.772817e+00
9.564083e-01 -1.769243e+00
9.564083e-01 -1.763296e+00
9.564083e-01 -1.768276e+00
9.564083e-01 -1.765741e+00
9.564083e-01 -1.799137e+00
9.564083e-01 -1.768863e+00
9.564083e-01 -1.769523e+00
9.564083e-01 -1.778113e+00
9.564083e-01 -1.775060e+00
9.564083e-01 -1.790455e+00
9.564083e-01 -1.781020e+00
9.564083e-01 -1.787426e+00
9.564083e-01 -1.773081e+00
9.564083e-01 -1.786526e+00
9.564083e-01 -1.777241e+00
9.564083e-01 -1.789413e+00
9.564083e-01 -1.788495e+00
9.564083e-01 -1.791112e+00
9.564083e-01 -1.784061e+00
9.564083e-01 -1.796312e+00
9.564083e-01 -1.765236e+00
9.564083e-01 -1.789938e+00
9.564083e-01 -1.782557e+00
9.564083e-01 -1.773355e+00
9.564083e-01 -1.790375e+00
9.564083e-01 -1.779331e+00
9.564083e-01 -1.785733e+00
9.564083e-01 -1.784181e+00
9.564083e-01 -1.800170e+00
9.564083e-01 -1.785496e+00
9.564083e-01 -1.800464e+00
9.564083e-01 -1.784448e+00
9.564083e-01 -1.785918e+00
9.564083e-01 -1.778847e+00
9.564083e-01 -1.782567e+00
9.564083e-01 -1.781054e+00
9.564083e-01 -1.779287e+00
9.564083e-01 -1.789258e+00
9.564083e-01 -1.791155e+00
9.564083e-01 -1.784307e+00
9.564083e-01 -1.786342e+00
9.564083e-01 -1.788556e+00
9.564083e-01 -1.800511e+00
8.173255e-01 -1.771665e+00
8.173255e-01 -1.786756e+00
8.173255e-01 -1.797660e+00
8.173255e-01 -1.786528e+00
8.173255e-01 -1.785940e+00
8.173255e-01 -1.770053e+00
8.173255e-01 -1.768954e+00
8.173255e-01 -1.765513e+00
8.173255e-01 -1.762618e+00
8.173255e-01 -1.751566e+00
8.173255e-01 -1.771069e+00
8.173255e-01 -1.772867e+00
8.173255e-01 -1.766238e+00
8.173255e-01 -1.750555e+00
8.173255e-01 -1.759606e+00
8.173255e-01 -1.742507e+00
8.173255e-01 -1.747509e+00
8.173255e-01 -1.725610e+00
8.173255e-01 -1.749623e+00
8.173255e-01 -1.747326e+00
8.173255e-01 -1.748816e+00
8.173255e-01 -1.725977e+00
8.173255e-01 -1.735649e+00
8.173255e-01 -1.755733e+00
8.173255e-01 -1.731224e+00
8.173255e-01 -1.732653e+00
8.173255e-01 -1.730209e+00
8.173255e-01 -1.745679e+00
8.173255e-01 -1.717697e+00
8.173255e-01 -1.740701e+00
8.173255e-01 -1.717143e+00
8.173255e-01 -1.721363e+00
8.173255e-01 -1.728454e+00
8.173255e-01 -1.723406e+00
8.173255e-01 -1.727143e+00
8.173255e-01 -1.729118e+00
8.173255e-01 -1.731478e+00
8.173255e-01 -1.724055e+00
8.173255e-01 -1.732816e+00
8.173255e-01 -1.746067e+00
8.173255e-01 -1.724592e+00
8.173255e-01 -1.735365e+00
8.173255e-01 -1.727049e+00
8.173255e-01 -1.722841e+00
8.173255e-01 -1.733994e+00
8.173255e-01 -1.734242e+00
8.173255e-01 -1.734520e+00
8.173255e-01 -1.724640e+00
8.173255e-01 -1.750634e+00
8.173255e-01 -1.733807e+00
8.173255e-01 -1.721723e+00
8.173255e-01 -1.720384e+00
8.173255e-01 -1.730182e+00
8.173255e-01 -1.713304e+00
8.173255e-01 -1.729508e+00
8.173255e-01 -1.705930e+00
8.173255e-01 -1.714284e+00
8.173255e-01 -1.734743e+00
8.173255e-01 -1.718733e+00
8.173255e-01 -1.726991e+00
8.173255e-01 -1.720671e+00
8.173255e-01 -1.730687e+00
8.173255e-01 -1.725505e+00
8.173255e-01 -1.736370e+00
8.173255e-01 -1.715846e+00
8.173255e-01 -1.738927e+00
8.173255e-01 -1.729896e+00
8.173255e-01 -1.739730e+00
8.173255e-01 -1.715466e+00
8.173255e-01 -1.739945e+00
8.173255e-01 -1.733573e+00
8.173255e-01 -1.727457e+00
8.173255e-01 -1.745053e+00
8.173255e-01 -1.727307e+00
8.173255e-01 -1.719583e+00
8.173255e-01 -1.718745e+00
8.173255e-01 -1.709872e+00
8.173255e-01 -1.705271e+00
8.173255e-01 -1.728290e+00
8.173255e-01 -1.740294e+00
8.203062e-01 -1.742913e+00
8.203062e-01 -1.734667e+00
8.203062e-01 -1.715689e+00
8.203062e-01 -1.723054e+00
8.203062e-01 -1.746129e+00
8.203062e-01 -1.726208e+00
8.203062e-01 -1.740766e+00
8.203062e-01 -1.723738e+00
8.203062e-01 -1.730419e+00
8.203062e-01 -1.732782e+00
8.203062e-01 -1.732301e+00
8.203062e-01 -1.715288e+00
8.203062e-01 -1.736935e+00
8.203062e-01 -1.725577e+00
8.203062e-01 -1.728340e+00
8.203062e-01 -1.724081e+00
8.203062e-01 -1.722192e+00
8.203062e-01 -1.716050e+00
8.203062e-01 -1.729872e+00
8.203062e-01 -1.736451e+00
8.203062e-01 -1.714294e+00
8.203062e-01 -1.734269e+00
8.203062e-01 -1.723461e+00
8.203062e-01 -1.720947e+00
8.203062e-01 -1.740199e+00
8.203062e-01 -1.753081e+00
8.203062e-01 -1.733929e+00
8.203062e-01 -1.737188e+00
8.203062e-01 -1.727876e+00
8.203062e-01 -1.737412e+00
8.203062e-01 -1.721774e+00
8.203062e-01 -1.714575e+00
8.203062e-01 -1.728283e+00
8.203062e-01 -1.716677e+00
8.203062e-01 -1.735289e+00
8.203062e-01 -1.738056e+00
8.203062e-01 -1.728037e+00
8.203062e-01 -1.739812e+00
8.203062e-01 -1.763082e+00
8.203062e-01 -1.726815e+00
8.203062e-01 -1.725906e+00
8.203062e-01 -1.737655e+00
8.203062e-01 -1.738263e+00
8.203062e-01 -1.730923e+00
8.203062e-01 -1.728588e+00
8.203062e-01 -1.744739e+00
8.203062e-01 -1.746158e+00
8.203062e-01 -1.740026e+00
8.203062e-01 -1.730532e+00
8.203062e-01 -1.742747e+00
8.203062e-01 -1.730212e+00
8.203062e-01 -1.710111e+00
8.203062e-01 -1.750265e+00
8.203062e-01 -1.737483e+00
8.203062e-01 -1.745667e+00
8.203062e-01 -1.736720e+00
8.203062e-01 -1.727474e+00
8.203062e-01 -1.730940e+00
8.203062e-01 -1.734894e+00
8.203062e-01 -1.731589e+00
8.203062e-01 -1.736314e+00
8.203062e-01 -1.741185e+00
8.203062e-01 -1.733235e+00
8.203062e-01 -1.738923e+00
8.203062e-01 -1.717054e+00
8.203062e-01 -1.725679e+00
8.203062e-01 -1.738435e+00
8.203062e-01 -1.727486e+00
8.203062e-01 -1.739097e+00
8.203062e-01 -1.719864e+00
8.203062e-01 -1.733666e+00
8.203062e-01 -1.728980e+00
8.203062e-01 -1.728731e+00
8.203062e-01 -1.726337e+00
8.203062e-01 -1.729543e+00
8.203062e-01 -1.709165e+00
8.203062e-01 -1.719560e+00
8.203062e-01 -1.745875e+00
8.203062e-01 -1.723139e+00
8.203062e-01 -1.708710e+00
5.051134e-02 -1.731080e+00
5.051134e-02 -1.737312e+00
5.051134e-02 -1.735619e+00
5.051134e-02 -1.684944e+00
5.051134e-02 -1.607373e+00
5.051134e-02 -1.460583e+00
5.051134e-02 -1.351137e+00
5.051134e-02 -1.209444e+00
5.051134e-02 -1.085043e+00
5.051134e-02 -9.726119e-01
5.051134e-02 -8.536685e-01
5.051134e-02 -7.631683e-01
5.051134e-02 -6.669417e-01
5.051134e-02 -5.913354e-01
5.051134e-02 -5.338440e-01
5.051134e-02 -4.774191e-01
5.051134e-02 -4.244080e-01
5.051134e-02 -3.810396e-01
5.051134e-02 -3.505374e-01
5.051134e-02 -3.532403e-01
5.051134e-02 -2.916230e-01
5.051134e-02 -2.615510e-01
5.051134e-02 -2.623115e-01
5.051134e-02 -2.455495e-01
5.051134e-02 -2.084209e-01
5.051134e-02 -2.097117e-01
5.051134e-02 -2.209159e-01
5.051134e-02 -1.896914e-01
5.051134e-02 -1.791560e-01
5.051134e-02 -1.745146e-01
5.051134e-02 -1.420737e-01
5.051134e-02 -1.436588e-01
5.051134e-02 -1.528484e-01
5.051134e-02 -1.447600e-01
5.051134e-02 -1.395303e-01
5.051134e-02 -1.344484e-01
5.051134e-02 -1.340643e-01
5.051134e-02 -1.364446e-01
5.051134e-02 -1.231399e-01
5.051134e-02 -1.291513e-01
5.051134e-02 -1.363471e-01
5.051134e-02 -1.163705e-01
5.051134e-02 -1.257448e-01
5.051134e-02 -1.566050e-01
5.051134e-02 -1.129535e-01
5.051134e-02 -1.209451e-01
5.051134e-02 -1.292101e-01
5.051134e-02 -1.259819e-01
5.051134e-02 -1.363607e-01
5.051134e-02 -1.167313e-01
5.051134e-02 -1.170982e-01
